name,total,yes,maybe,email
Todd Garcia,8,3,5,loribrown@example.com
Chelsea Adkins,9,4,5,dstout@example.com
Kristina Key,9,4,5,holly81@example.com
Chelsea Adkins,9,4,5,dstout@example.com
Vanessa Downs,10,4,6,bettyjackson@example.org
Nancy Wagner,10,5,5,deniserobinson@example.org
Donald Campos,10,5,5,bryan49@example.org
Mrs. Natasha,11,6,5,susanwebb@example.org
Michael Martinez,11,5,6,reneeevans@example.com
Raymond Meyer,11,3,8,roy92@example.net
Sarah Mason,11,2,9,wardcasey@example.org
Margaret Nolan,12,6,6,clarkkeith@example.com
Mr. Jesus,12,7,5,kimberly09@example.org
Aaron Wolf,12,4,8,jparsons@example.net
Megan Nolan,12,5,7,jyoung@example.net
Andrea Franklin,12,1,11,mosleyjohn@example.com
Sarah Craig,12,4,8,janetclark@example.com
Spencer Johnson,13,5,8,amanda08@example.com
Mary Cordova,13,7,6,hmartin@example.org
Amber Guzman,13,5,8,davidturner@example.net
Robert Harmon,13,8,5,cummingstom@example.net
Robert Moore,13,6,7,kaitlynperry@example.org
Nicole Allison,13,6,7,lindarobertson@example.org
Sarah Joseph,13,5,8,rhondadelgado@example.org
Nicholas Baker,13,6,7,kevinroberts@example.org
Lisa Nguyen,13,6,7,gonzalezbilly@example.net
Emily Christian,13,5,8,andrewwilson@example.com
Amanda Huffman,13,6,7,rodney48@example.org
Barbara Lewis,13,7,6,vwhite@example.org
Christopher Gonzalez,13,4,9,rileyconnor@example.com
Linda Chaney,13,6,7,sabrinadavidson@example.com
James Rowe,13,9,4,leroy59@example.org
Alexander Bass,13,7,6,henry38@example.net
Jeffrey Walsh,13,6,7,rbishop@example.org
Kim Stevenson,14,6,8,zamorajuan@example.net
Valerie Wright,14,8,6,calderonsusan@example.org
Carlos Guerra,14,5,9,lauriehernandez@example.org
Meagan Leach,14,7,7,brianlawrence@example.org
Tracy Smith,14,9,5,jenniferwilliams@example.net
Lisa Garza,14,6,8,ycordova@example.com
Nicole Douglas,14,7,7,greg23@example.org
Nicole Woods,14,9,5,frederickpearson@example.net
Heather Mccarty,14,5,9,hernandezrichard@example.net
Jeremy Byrd,14,8,6,steven22@example.com
Christopher Murphy,14,6,8,lowetammy@example.net
Wendy Welch,14,8,6,lcoleman@example.org
Dylan Murillo,14,4,10,alyssa78@example.com
Zachary Woods,14,8,6,thomas07@example.net
Nancy Thompson,14,7,7,mary51@example.net
Kelsey Garcia,14,6,8,benjamingonzalez@example.org
Eddie Quinn,14,9,5,marybarry@example.org
Bonnie Cole,14,8,6,richard17@example.net
Shannon Barton,14,10,4,howardjulia@example.org
Kimberly Davis,14,8,6,amanda47@example.org
Courtney Flores,14,8,6,clarkchristopher@example.net
Michael Larson,15,7,8,huntdavid@example.org
William Snyder,15,8,7,rhodesjennifer@example.net
Michael Larson,15,7,8,huntdavid@example.org
Brandon Miranda,15,7,8,dmason@example.com
Kevin Smith,15,10,5,kevinmullins@example.org
Jorge Roberts,15,7,8,wrichardson@example.com
Jordan Mcclain,15,6,9,jameshoover@example.org
Brittney Sampson,15,8,7,bartonchristina@example.com
Heather Wilson,15,8,7,nbeltran@example.org
Ms. Melissa,15,5,10,erichayes@example.com
Devin Swanson,15,8,7,fletcherjared@example.com
Mrs. Charlotte,15,9,6,bstone@example.org
Martha Davis,15,4,11,brandtchristine@example.org
Diane Carlson,15,6,9,huberwilliam@example.org
Joshua Johnson,15,10,5,barbaracraig@example.org
Becky Baker,15,5,10,davidhernandez@example.org
Jonathan Parsons,16,6,10,oparker@example.com
Jacqueline Perez,16,7,9,georgekelly@example.net
Elizabeth Campos,16,9,7,jeannestone@example.net
Sarah Jackson,16,8,8,chumphrey@example.net
Lisa Rodgers,16,5,11,yyates@example.org
Lisa Webb,16,10,6,qblair@example.com
Cindy Shaffer,16,7,9,fernandezstephen@example.org
Glenn Wells,16,10,6,catherineharrison@example.org
Shannon Fuller,16,7,9,tylercatherine@example.org
Oscar Warren,16,6,10,melissawood@example.org
Elizabeth Campos,16,9,7,jeannestone@example.net
Sean Riddle,16,5,11,nguyentaylor@example.com
Marissa Hurst,16,7,9,uacosta@example.net
Amanda Sims,16,10,6,sandylewis@example.org
Joshua Norton,16,10,6,campossamuel@example.com
Joel Johnson,16,11,5,jwood@example.com
Matthew Hester,16,7,9,danielmorrow@example.com
Robert Gregory,16,4,12,sherri01@example.net
Ronald Edwards,16,10,6,amandayoung@example.com
Samantha Reynolds,16,7,9,jorgeramsey@example.org
Amanda Miller,16,7,9,imoore@example.net
Shawn Burton,16,8,8,charles37@example.net
Jonathan Parsons,16,6,10,oparker@example.com
Amanda Miller,16,7,9,imoore@example.net
Joseph Hernandez,16,6,10,ksantiago@example.com
Autumn Jacobs,16,9,7,ruizdiane@example.org
Christian Chase,16,7,9,brewerwilliam@example.com
Jennifer Burke,16,8,8,tuckersamuel@example.com
Howard Strickland,16,8,8,reynoldsjustin@example.net
James Caldwell,16,7,9,smartin@example.com
Andre Smith,16,8,8,cameronferrell@example.org
Larry Stewart,16,9,7,melissagordon@example.org
Tiffany Phillips,16,8,8,atodd@example.net
Jeffery Atkinson,16,9,7,penajessica@example.org
Melissa Matthews,17,8,9,maciaslarry@example.net
James Lowe,17,10,7,lferguson@example.net
Melinda Jacobs,17,10,7,jeremypowers@example.com
Sherry Miranda,17,7,10,erin85@example.net
Bryan Fuller,17,9,8,oliviatucker@example.org
Anthony Leonard,17,9,8,johnsonbradley@example.com
Jason Harper,17,11,6,kgonzalez@example.com
Lauren Hayes,17,12,5,aliciabowman@example.com
Terrance Diaz,17,10,7,jshepherd@example.org
Christopher Brown,17,11,6,tbaker@example.net
Rebecca Macias,17,10,7,robertgilmore@example.org
Scott Campbell,17,7,10,gbarker@example.org
Lauren Hayes,17,12,5,aliciabowman@example.com
Craig Hays,17,8,9,floreskevin@example.com
Jennifer Gray,17,3,14,jessicagriffin@example.org
Haley Hudson,17,6,11,qolson@example.org
Dr. Kenneth,17,9,8,richardmejia@example.net
Deborah Gonzalez,17,5,12,coxjessica@example.org
Tracy Harrison,17,12,5,brian47@example.org
Christopher Waters,17,8,9,johnsonmatthew@example.net
Carrie Lloyd,17,5,12,gloria70@example.com
Timothy Russell,17,9,8,seth18@example.net
Richard Lee,17,10,7,dcastillo@example.net
Wendy Rivas,17,12,5,jasonavery@example.net
Lauren Hayes,17,12,5,aliciabowman@example.com
Sherry Miranda,17,7,10,erin85@example.net
Danielle Diaz,17,8,9,mcphersonchelsea@example.com
Christopher Williams,17,9,8,mitchellsarah@example.net
Amber Fuller,17,6,11,michelle45@example.net
Timothy Russell,17,9,8,seth18@example.net
Billy Moore,18,11,7,bbaldwin@example.org
Michael Bryant,18,10,8,robertkerr@example.com
Patrick Decker,18,8,10,martinanna@example.org
Jeremy Johnson,18,7,11,jacquelineclayton@example.net
Caleb Howard,18,10,8,scott21@example.org
Nancy Williams,18,12,6,reeserobin@example.net
John Jackson,18,12,6,tracy34@example.net
Peter Kidd,18,9,9,grayjeffrey@example.com
Stephanie Carter,18,10,8,wrightdaniel@example.com
Zachary Smith,18,14,4,christopherowens@example.net
Megan Bush,18,7,11,james32@example.org
Matthew Gilbert,18,10,8,carlsonjohn@example.org
Kristi Armstrong,18,13,5,sheribarnes@example.com
Jon Rodriguez,18,10,8,adamjensen@example.com
Ashley King,18,8,10,srivera@example.net
Derek Mitchell,18,13,5,hernandezdestiny@example.org
Valerie Watts,18,8,10,bridgetbullock@example.com
Erica Marshall,18,10,8,fgreen@example.org
Lisa Cook,18,10,8,kwarner@example.net
Juan Poole,18,10,8,probertson@example.net
Ryan Johnston,18,9,9,pyoung@example.com
Leonard Evans,18,8,10,trevinojennifer@example.com
Joshua Haas,18,13,5,andrea30@example.com
Alexandra Higgins,18,11,7,cruzmargaret@example.org
Allison Le,18,7,11,davidhoover@example.net
David Kim,18,7,11,ocruz@example.com
Chad Hensley,18,10,8,jeremiah49@example.net
Erica Marshall,18,10,8,fgreen@example.org
Julie Williams,18,8,10,ccox@example.com
Crystal Jennings,18,10,8,wilkinstimothy@example.net
Leah Robinson,18,7,11,jared52@example.net
Crystal Jones,18,10,8,woodslogan@example.org
Laura Martin,18,10,8,bjames@example.org
Edward Alvarez,18,8,10,snowjennifer@example.org
Kelly Clark,18,5,13,robertzhang@example.net
Linda Rivera,18,10,8,simonscott@example.net
Kaitlyn Howard,18,4,14,torreselizabeth@example.org
Erin White,18,9,9,rachaellambert@example.com
John Scott,18,7,11,matthew69@example.com
Timothy Phillips,18,8,10,wandacampbell@example.com
Brent Franklin,18,8,10,nicolejohns@example.com
Mark Garcia,19,10,9,kcampos@example.org
Maria Caldwell,19,9,10,jonesamanda@example.org
Michael Pham,19,12,7,victoria95@example.org
Mary Price,19,7,12,melinda35@example.org
Joseph Wilson,19,10,9,brandonkirby@example.com
Yolanda Miller,19,8,11,hodgesjill@example.org
Kenneth Peck,19,7,12,edward48@example.net
Christopher Logan,19,14,5,pfields@example.com
Rachel Ryan,19,7,12,burkelinda@example.org
Michael Pena,19,11,8,omeadows@example.com
Michael Smith,19,10,9,stephen36@example.org
Nathan Cobb,19,6,13,kentrichard@example.org
Joshua Willis,19,11,8,brandon97@example.com
Troy White,19,9,10,jameskelly@example.com
Frank Thompson,19,14,5,carolinejones@example.org
Daniel Gamble,19,10,9,josephfletcher@example.com
Dr. Yvonne,19,6,13,nichole25@example.org
Andrea Cruz,19,16,3,masonjeffrey@example.org
George Robinson,19,10,9,charlesbrooks@example.net
Nicholas Holder,19,11,8,nicholas00@example.org
Jason Joyce,19,8,11,megan37@example.org
Laura Foster,19,7,12,holmesjames@example.com
Brandon Walter,19,7,12,shellymcclain@example.org
Alan Chavez,19,14,5,lgonzales@example.org
Kristen Peters,19,6,13,hoffmanbrett@example.net
Kyle Roth,19,9,10,thompsonleslie@example.com
Samantha Curtis,19,9,10,campbelljennifer@example.org
Michael Cook,19,7,12,michaelcampbell@example.net
Molly Walter,19,11,8,lorirusso@example.org
Kenneth Peck,19,7,12,edward48@example.net
Brent Robinson,19,10,9,kimberlybaker@example.org
Victoria Simon,19,11,8,williamskimberly@example.com
Christopher Ross,19,7,12,hroberts@example.net
Kathryn Johnson,19,8,11,rflores@example.com
Joseph Vazquez,19,8,11,dbraun@example.com
Tonya Adams,19,13,6,larsonkimberly@example.org
Meghan Perez,19,8,11,courtneywashington@example.com
Michael Jones,19,7,12,vsummers@example.org
Miranda Bowers,19,9,10,othomas@example.net
Allen Chan,19,8,11,mross@example.com
Mrs. Emily,19,7,12,kristin57@example.org
Frank Edwards,19,13,6,lorrainewilson@example.com
April Wilson,19,12,7,rstanton@example.org
Colton Stone,20,8,12,tgonzalez@example.net
Veronica Ray,20,12,8,oliverbrandon@example.net
Anthony Adams,20,11,9,andersonmorgan@example.net
Tracy Contreras,20,10,10,danielle08@example.org
Daniel Cooper,20,13,7,bakerraymond@example.org
Adam Hull,20,10,10,christopherwood@example.com
Eric Anderson,20,11,9,nicholaswood@example.com
Willie Lewis,20,15,5,virginiajackson@example.com
Samuel Salinas,20,11,9,huangsara@example.net
Jon Barker,20,9,11,warnershane@example.org
John Johnson,20,6,14,brandyfletcher@example.com
Katelyn Warren,20,5,15,tdunlap@example.org
Yvette Maldonado,20,10,10,schwartzjason@example.com
Patrick Sims,20,14,6,elizabethfisher@example.org
Sharon Case,20,13,7,todd88@example.org
Victoria Williams,20,11,9,grace06@example.org
Billy Ellis,20,10,10,weaverthomas@example.net
Charles Brown,20,11,9,robin34@example.net
Brendan Rush,20,9,11,jeanne31@example.net
Susan Ochoa,20,10,10,wallacejohn@example.net
Juan Ayers,20,12,8,srogers@example.com
Carl Jackson,20,10,10,ryangonzalez@example.com
Mary Patterson,20,8,12,alicia07@example.net
Jacob Lee,20,13,7,jessica07@example.org
Michael Harris,20,14,6,georgesampson@example.com
Jennifer Clark,20,5,15,randyfisher@example.org
Cheryl Goodman,20,11,9,april85@example.net
Jennifer Jimenez,20,10,10,johnsonalexis@example.net
Lauren Harrell,20,8,12,philipadams@example.net
Cody Ellis,20,12,8,jfinley@example.com
Michael Green,20,12,8,brian91@example.com
Tiffany Noble,20,13,7,noah50@example.org
Rachel Gregory,20,12,8,xmay@example.org
Kathleen Green,20,14,6,kevin70@example.com
Veronica Ray,20,12,8,oliverbrandon@example.net
Amber Flores,20,9,11,fhowell@example.com
Kathleen Smith,20,14,6,vdiaz@example.org
Dr. Taylor,20,12,8,meltonstacie@example.net
James Parker,20,9,11,josepowell@example.net
Susan Ochoa,20,10,10,wallacejohn@example.net
Wendy Fuentes,20,14,6,ujohnson@example.net
Derek Weiss,20,8,12,brianna44@example.org
Marissa Shields,20,10,10,markhogan@example.com
Theresa Thomas,21,14,7,stacybutler@example.com
Arthur Bradford,21,11,10,shane40@example.com
Matthew Nguyen,21,13,8,carriesmith@example.org
Terry Owens,21,14,7,billyvaldez@example.net
Lindsey Smith,21,7,14,sandra30@example.net
Joel Pacheco,21,12,9,tconley@example.net
Joanne Ortega,21,11,10,qpatton@example.net
Edward Mclaughlin,21,11,10,xtaylor@example.net
Kristina Porter,21,9,12,abigail88@example.com
Eric Brown,21,11,10,ohartman@example.net
Thomas Soto,21,9,12,ptodd@example.net
Paul Brown,21,8,13,mendezsteven@example.com
Gabriel Jacobson,21,16,5,phillipsyesenia@example.net
Ryan Thomas,21,8,13,sarah74@example.org
Kendra Greer,21,14,7,isaacgarza@example.net
Katherine Parker,21,16,5,tmaxwell@example.com
Matthew Lane,21,10,11,sheriwong@example.com
Jeremy Davidson,21,12,9,stephaniemiller@example.com
Shirley Terry,21,11,10,johnmunoz@example.com
Arthur Bradford,21,11,10,shane40@example.com
Mary Contreras,21,13,8,brendadennis@example.net
Matthew Nguyen,21,13,8,carriesmith@example.org
Tammy Acevedo,21,10,11,shaffermolly@example.net
Angelica Soto,21,12,9,pmorales@example.com
Robert Zavala,21,9,12,tuckercody@example.net
Kari Garrett,21,9,12,brittanytaylor@example.net
Richard Garcia,21,14,7,riley46@example.org
Joseph Gregory,21,9,12,rcox@example.net
Denise Thompson,21,13,8,sgreen@example.net
Brittany Baldwin,21,11,10,arobinson@example.com
Russell Bell,21,10,11,tgomez@example.com
Maria Harris,22,12,10,jbailey@example.com
Dr. Theresa,22,8,14,mwebb@example.com
Emma Huff,22,12,10,christophermorris@example.org
Matthew Montoya,22,9,13,shelley58@example.net
Greg Jenkins,22,13,9,scott69@example.com
Ryan Woodard,22,12,10,justin39@example.net
Maria Harris,22,12,10,jbailey@example.com
Richard Morrow,22,11,11,chadhines@example.net
Sarah Phillips,22,9,13,kristinallen@example.com
Joshua Flores,22,14,8,michael06@example.net
Cathy Day,22,8,14,snyderstacy@example.com
Stacie Reynolds,22,10,12,robert74@example.org
Michele Martinez,22,13,9,mary31@example.net
Melinda Roberts,22,10,12,leonard63@example.org
Faith George,22,10,12,tinagonzalez@example.net
Sandra Mooney,22,9,13,amartin@example.net
Jared Evans,22,8,14,laura89@example.com
Valerie Avila,22,16,6,catherinehoward@example.net
Michael Williams,22,10,12,bushdarryl@example.org
Brian Morris,22,15,7,smithrobin@example.org
Mary Henderson,22,14,8,yhoffman@example.org
Gary Bryan,22,11,11,deannaknight@example.com
Susan Long,22,7,15,wpatel@example.org
Brian Morris,22,6,16,lrodriguez@example.net
Megan Davis,22,14,8,perrymeagan@example.net
James Hamilton,22,9,13,amandarubio@example.org
Sandra Green,22,10,12,vholland@example.com
Jessica Erickson,22,13,9,uriggs@example.com
Laura Molina,22,9,13,wmoss@example.org
Kristine Martin,22,9,13,zachary91@example.com
Christopher Delgado,22,10,12,millersteven@example.com
Robert Thomas,22,10,12,gburton@example.org
Jason Cowan,22,12,10,yjuarez@example.org
Faith George,22,10,12,tinagonzalez@example.net
Bryan Johnson,22,8,14,valerie91@example.net
Robert Gonzalez,22,9,13,rjacobs@example.com
Brenda Smith,22,8,14,mjames@example.com
Sandra Stephens,22,9,13,cmendoza@example.com
Jeremy Delgado,22,9,13,brownshawn@example.com
Lynn Jones,22,11,11,todd34@example.org
Cathy Day,22,8,14,snyderstacy@example.com
Jennifer Harvey,22,12,10,erin40@example.com
George Briggs,22,14,8,youngmarissa@example.com
Michele Frank,22,14,8,hurleynathan@example.org
Maria Harris,22,12,10,jbailey@example.com
James Hall,23,10,13,uhughes@example.com
John Thomas,23,15,8,whitney40@example.org
Anna Campbell,23,12,11,colearcher@example.net
Crystal Hall,23,12,11,christinatucker@example.net
Drew Ryan,23,19,4,meyermorgan@example.com
Joshua Johnson,23,12,11,nclarke@example.org
Anna Stafford,23,9,14,jenniferwilson@example.net
Tammy Burns,23,10,13,catherinezhang@example.org
Sarah Cook,23,13,10,cgregory@example.net
Sara Thomas,23,12,11,gerald13@example.net
Joanna Friedman,23,12,11,colton84@example.org
Tonya Walker,23,12,11,udavis@example.org
Jessica Chavez,23,12,11,melissa23@example.com
Kristin Lopez,23,12,11,jonathan26@example.net
Kevin Jackson,23,6,17,vrobbins@example.org
Ashley Stewart,23,16,7,sanchezmadison@example.org
Drew Ryan,23,19,4,meyermorgan@example.com
Jeffrey Neal,23,11,12,johnhamilton@example.net
Melissa Harris,23,12,11,mmeyer@example.com
Drew Ryan,23,19,4,meyermorgan@example.com
Frank Roberts,23,13,10,cjackson@example.com
Heather Washington,23,11,12,sreilly@example.com
Molly Garza,23,14,9,xtorres@example.org
Andrew Davis,23,10,13,morenopamela@example.net
Jeffrey Neal,23,11,12,johnhamilton@example.net
Jimmy Myers,23,13,10,mckinneyspencer@example.com
Willie Brown,23,10,13,richardsantos@example.com
Tiffany Norton,23,12,11,lawsonmichele@example.net
Joseph Hess,23,14,9,simscynthia@example.net
Angel Morris,23,14,9,kent59@example.org
Michael Carter,24,12,12,angelaperez@example.com
Steven Hudson,24,9,15,michele79@example.org
Jennifer Henderson,24,10,14,brian74@example.net
Charles Chavez,24,11,13,angela34@example.com
Danny Simpson,24,14,10,hallbrittney@example.org
Whitney Fuller,24,9,15,montgomeryzachary@example.org
Chad Miller,24,11,13,castillorobert@example.net
Christopher Christian,24,12,12,jorge30@example.org
Mrs. Elizabeth,24,14,10,bowens@example.com
Christopher Hernandez,24,10,14,xellis@example.com
Connor Lawson,24,11,13,kimberly48@example.net
Michelle Delacruz,24,10,14,cookchristopher@example.com
Joseph Doyle,24,9,15,johnstonnicholas@example.net
Jessica Ward,24,14,10,hicksjose@example.org
Jessica Terrell,24,13,11,cthompson@example.org
Lisa Benson,24,12,12,bruceparrish@example.net
Kristopher Allen,24,16,8,lisa78@example.com
Michelle Brown,24,11,13,daniel43@example.org
Christopher Hernandez,24,10,14,xellis@example.com
Jerry White,24,12,12,jennifer34@example.org
Tyler Nichols,24,10,14,danieljohnson@example.net
Shannon Porter,24,12,12,lindsey67@example.net
Alexa Hernandez,24,10,14,carl00@example.org
Michael Hanson,24,14,10,qgreen@example.net
Margaret Noble,24,15,9,shawn02@example.org
April Crane,24,9,15,omyers@example.com
Daniel James,24,11,13,dennis21@example.com
Michael Barry,25,8,17,melissa14@example.net
Daniel Allen,25,15,10,fadams@example.org
Hannah Williams,25,15,10,hickmanchristopher@example.com
Kevin Williams,25,12,13,julie40@example.com
Pamela Shields,25,16,9,tbyrd@example.org
Jeffrey Allen,25,7,18,sarah32@example.com
Melissa Sanchez,25,10,15,tracyjohnson@example.net
Benjamin Robinson,25,9,16,williamsjeffrey@example.com
Beth Taylor,25,15,10,preyes@example.net
Mrs. Sarah,25,8,17,jessicamoyer@example.com
Bradley Acosta,25,12,13,mhiggins@example.org
Johnny Lowery,25,13,12,perkinsjames@example.com
David Howe,25,12,13,robertsnoah@example.com
Lisa Rogers,25,10,15,mrowland@example.com
Tommy Rodgers,25,18,7,megan64@example.com
Ann Burns,25,14,11,mullenmargaret@example.com
Benjamin Davies,25,12,13,matthew37@example.net
Jesse Grimes,25,14,11,amandamack@example.com
Darrell Romero,25,11,14,lindawilliams@example.net
Erica Olsen,26,14,12,jacob86@example.net
Anna Warren,26,12,14,amanda42@example.org
Molly Weaver,26,12,14,reedhunter@example.com
Rebekah Davis,26,12,14,matthew48@example.org
Sandra Williams,26,11,15,jasmine66@example.com
Eric Harris,26,15,11,anthonyparker@example.com
Christopher Taylor,26,16,10,sierra78@example.com
Perry Jordan,26,11,15,sharonaguirre@example.org
Cheyenne Mason,26,15,11,folson@example.com
Courtney Brown,26,16,10,richardbarnes@example.org
Natasha Bradley,26,14,12,schaefernicole@example.net
Jessica Allen,26,16,10,unewman@example.org
Christopher Taylor,26,16,10,sierra78@example.com
Anna Warren,26,12,14,amanda42@example.org
Jeremy Williams,27,12,15,pwalters@example.org
Ryan Rice,27,15,12,bbrooks@example.net
Mike Miller,27,12,15,ajones@example.net
Krystal Winters,27,14,13,jacksonandrew@example.net
James Johnson,27,17,10,pamaustin@example.com
David Adams,27,14,13,erin82@example.com
Michael Adams,27,16,11,jill38@example.net
Melissa Price,27,13,14,ashley31@example.org
Madison Campbell,27,14,13,jonathan58@example.net
Wanda Alvarado,27,13,14,mcintyrekari@example.org
Robert Lester,27,17,10,qsmith@example.org
Robin Werner,28,12,16,vfisher@example.com
Ernest Allen,28,13,15,ytyler@example.com
Victor Hayes,28,18,10,mary70@example.net
Jill Davis,28,17,11,tranmichael@example.net
Kyle Floyd,28,19,9,kristi88@example.net
Jeffery Conley,28,12,16,jeffrey02@example.org
Kristen Long,28,14,14,mannjonathan@example.net
Michael Jacobson,28,10,18,tgordon@example.org
Amanda Jones,28,17,11,christopherdavis@example.org
Philip Wang,29,15,14,laurendominguez@example.com
Joshua Smith,29,17,12,katherineford@example.net
Jerry Rocha,29,13,16,fishermatthew@example.net
Gregory Mitchell,30,14,16,sweeneymichael@example.net
Krystal Ellison,30,11,19,deborah96@example.org
Daniel Baker,30,15,15,luisclark@example.org
Adriana Dean,30,14,16,nlee@example.net
Dawn Forbes,31,17,14,gardnerapril@example.com
Marcus Ford,31,15,16,robertskristina@example.com
Jennifer Williams,31,21,10,tmoore@example.net
Leslie Gomez,32,18,14,bettyfreeman@example.net
Steven Reyes,32,19,13,joanna44@example.org
Leslie Gomez,32,18,14,bettyfreeman@example.net
Jacob Logan,34,17,17,nicholas52@example.com
Anthony Barry,34,20,14,garciachristina@example.com
Samuel Rodriguez,35,17,18,goodwinerin@example.net
