name,total,yes,maybe,email
William Duran,0,0,0,ryan17@example.org
Joseph Smith,6,1,5,sean80@example.com
William Holland,7,4,3,johncarey@example.com
Joshua Finley,8,4,4,tonyaneal@example.com
Joshua Finley,8,4,4,tonyaneal@example.com
Mrs. Gail,9,6,3,williamcooper@example.com
Mary Gonzales,9,7,2,nrosales@example.com
Mrs. Gail,9,6,3,williamcooper@example.com
Ryan Acevedo,9,5,4,loganloretta@example.org
Samuel Russo,9,6,3,leslie41@example.org
Joseph Romero,9,5,4,bondjoshua@example.org
Robert Hall,10,3,7,ricejade@example.net
Patricia Schaefer,10,8,2,bbrown@example.net
Susan Miller,10,7,3,aprilbenson@example.net
Jaime Brown,10,5,5,reidmichael@example.org
Jennifer Roberts,10,6,4,johnsonmichael@example.org
Eric Gutierrez,10,6,4,xgonzales@example.com
Robert Cruz,10,5,5,butlerantonio@example.net
Gregory Parsons,10,6,4,hector61@example.org
Jenna Friedman,10,5,5,collinsjoshua@example.org
Eric Gutierrez,10,6,4,xgonzales@example.com
Michael Craig,11,7,4,melissawilkinson@example.net
James Ramirez,11,6,5,xbolton@example.com
Jessica Gomez,11,3,8,slewis@example.org
Kimberly Marshall,11,4,7,derekschneider@example.com
Joseph Frazier,11,4,7,kimberlyhiggins@example.net
Anthony Powell,11,4,7,john96@example.org
Samantha Villarreal,11,6,5,adamsshane@example.org
Luke Adams,11,4,7,smithgregory@example.net
Vanessa Herman,11,7,4,starkdawn@example.net
Mr. Joseph,11,6,5,smithdeborah@example.com
Karla Ochoa,11,7,4,margaretanderson@example.net
Paul Holmes,11,5,6,alicia61@example.net
Joshua Smith,11,7,4,morganlopez@example.org
Mr. Nicholas,11,7,4,curtis09@example.net
Amanda Ramirez,11,5,6,ricejudy@example.com
Micheal Gentry,11,4,7,leslie87@example.com
Julie Lopez,11,6,5,moralesanthony@example.com
Alexander Burton,11,5,6,alexandra88@example.org
Shane Green,11,6,5,phillipsroger@example.net
Angela Barker,11,7,4,lisa94@example.net
Todd Harmon,11,4,7,hansonoscar@example.net
Kendra Hernandez,11,6,5,powellreginald@example.net
William Gibson,12,8,4,robertwilson@example.net
Kristen Turner,12,6,6,kdawson@example.org
Miss Brenda,12,7,5,calebdominguez@example.net
Anthony Garcia,12,5,7,richardfoley@example.com
Alan Garrett,12,5,7,joseph21@example.org
Tracy Reeves,12,8,4,phoffman@example.org
Julie Ellis,12,6,6,michaelsnyder@example.net
Caleb Watson,12,7,5,westmaria@example.org
Rebecca Alexander,12,7,5,thomas01@example.org
Ashley Schmitt,12,8,4,nramos@example.com
Jacob Garcia,12,6,6,brownryan@example.net
Robert Humphrey,12,6,6,hle@example.org
Dalton Morgan,12,5,7,abuckley@example.com
Rebecca Hernandez,12,7,5,rhenderson@example.org
Daniel Jackson,12,6,6,lcardenas@example.com
Anthony Garcia,12,5,7,richardfoley@example.com
Stephanie Jones,12,7,5,holly88@example.org
Kelly Ruiz,12,8,4,kevinhamilton@example.org
Aaron Parker,12,6,6,lynnmitchell@example.com
Tonya Nunez,12,6,6,jeffrey34@example.org
Caleb Watson,12,7,5,westmaria@example.org
Andrew Flores,12,6,6,turneralejandro@example.net
Brenda Smith,12,8,4,mjames@example.com
Stacy Price,12,8,4,jeffreyhanna@example.net
Linda Hood,12,7,5,tuckerbenjamin@example.com
Jennifer Franco,12,3,9,pklein@example.net
Kristina Liu,12,3,9,alyssa37@example.net
Caleb Watson,12,7,5,westmaria@example.org
Linda Stephens,12,5,7,dmills@example.com
Benjamin Petersen,12,4,8,terri00@example.com
Jonathan Salas,12,7,5,brenda66@example.net
Donna Lynch,12,7,5,jacqueline32@example.org
Jennifer Henderson,12,9,3,brian74@example.net
Christopher Roth,12,5,7,lallen@example.com
Ashley Elliott,12,7,5,lindseysolis@example.com
Mr. Nathan,12,6,6,matthew94@example.com
Dr. Darlene,12,4,8,cantrellkendra@example.org
Krista Brooks,12,8,4,davissandra@example.org
Michael Sampson,12,9,3,hallnatalie@example.net
Lauren Schaefer,12,9,3,lscott@example.com
Danielle Stewart,13,7,6,sotosarah@example.net
Justin Schroeder,13,4,9,xlewis@example.com
Adam Chan,13,9,4,christinebradford@example.org
Brandon Key,13,5,8,harry39@example.com
Kayla Reyes,13,4,9,hoffmannichole@example.org
Dennis Salazar,13,6,7,stephaniemckay@example.org
Jennifer Gomez,13,6,7,michaelcaldwell@example.net
Jon Cabrera,13,7,6,ashleyhawkins@example.org
Miranda Terry,13,9,4,matthew73@example.com
Erin Blanchard,13,1,12,moorekevin@example.org
Dr. James,13,4,9,sharon85@example.net
Stephen Perry,13,8,5,douglas64@example.com
William Perkins,13,6,7,jasonwilliamson@example.net
Cristian Miller,13,6,7,dustin44@example.net
Alyssa Day,13,8,5,clarkalan@example.org
Brandy Collins,13,7,6,grahammary@example.com
Justin Schroeder,13,4,9,xlewis@example.com
Michelle Murphy,13,8,5,pcastillo@example.net
Lisa Nunez,13,7,6,juliesingh@example.net
Alyssa Day,13,8,5,clarkalan@example.org
Jason Johnson,13,7,6,lgray@example.org
Crystal Webb,13,6,7,wagnercrystal@example.com
John Moore,13,7,6,moyerpatrick@example.net
Walter Underwood,13,4,9,willismelissa@example.net
Jessica Williamson,13,6,7,rangelangela@example.org
Robert Buchanan,13,6,7,arodriguez@example.net
Kathryn Davis,13,8,5,rmyers@example.com
Kayla Flowers,13,9,4,joan08@example.org
Melissa Little,13,5,8,ijohnson@example.net
Christopher Lane,13,6,7,nicholsonvanessa@example.org
Joseph Schneider,13,5,8,millerjill@example.com
Kristopher Price,13,7,6,jimenezjon@example.com
Matthew Roberts,13,6,7,smithnicholas@example.com
George Santana,13,7,6,fcampos@example.net
Jennifer Barnett,13,9,4,hkhan@example.com
Abigail Diaz,13,6,7,lopezmaria@example.com
Christopher Lane,13,6,7,nicholsonvanessa@example.org
Alfred Woodward,13,9,4,victor00@example.org
Christy Smith,13,8,5,johnsonpeggy@example.org
Alyssa Day,13,8,5,clarkalan@example.org
Jon Cabrera,13,7,6,ashleyhawkins@example.org
Cassandra Wilson,13,5,8,jensenann@example.net
Wesley Pearson,13,6,7,tracy18@example.net
Danielle Stewart,13,7,6,sotosarah@example.net
Alyssa Day,13,8,5,clarkalan@example.org
Christy Smith,13,8,5,johnsonpeggy@example.org
Bruce Williams,13,8,5,ktrevino@example.com
Mr. Michael,13,9,4,simpsonmatthew@example.com
Margaret Mccann,13,7,6,mary17@example.org
Courtney Graves,13,6,7,kevin71@example.org
Jerry Howard,13,6,7,fmartinez@example.org
Kimberly Pena,13,7,6,megangeorge@example.org
Alicia Hicks,13,7,6,zimmermansamuel@example.net
Theresa Reynolds,13,8,5,ronaldrussell@example.com
Alyssa Day,13,8,5,clarkalan@example.org
Jose Simmons,13,5,8,justin38@example.com
Nicholas Santana,13,7,6,coxchristina@example.net
Joanne Fletcher,13,6,7,phillipshaley@example.net
Brittany Brown,13,8,5,zholt@example.net
Richard Montgomery,13,6,7,russellcarter@example.org
Gerald Walker,13,6,7,hannah72@example.net
Michael Lee,13,9,4,jenkinsdaniel@example.net
Christopher Wright,13,9,4,zjordan@example.com
Jaime Reid,13,6,7,operkins@example.net
Savannah Wiley,13,7,6,smithpaige@example.com
George Adams,13,4,9,bellmelinda@example.net
Dalton James,13,6,7,jenniferkeith@example.com
Margaret Jackson,14,4,10,sara40@example.org
Meagan Ray,14,5,9,swilson@example.org
Brittney Wilkinson,14,10,4,matthew43@example.net
Judy Guerrero,14,9,5,robertrussell@example.org
Michelle Peters,14,7,7,mwilliams@example.com
Nicholas Russo,14,7,7,grose@example.com
Laura Haley,14,9,5,oharrell@example.com
Adrian Pollard,14,4,10,richardsimpson@example.org
Cynthia Marshall,14,6,8,samuellang@example.net
Cheryl Smith,14,9,5,mirandascott@example.net
Kevin Combs,14,8,6,dkhan@example.org
Kristin Wood,14,7,7,robertryan@example.com
Richard Brown,14,6,8,richardjulian@example.com
Jamie Nichols,14,9,5,glawson@example.com
Carl Romero,14,4,10,jeff67@example.org
Richard Riggs,14,8,6,simmonsleah@example.net
Tommy Robertson,14,9,5,emily73@example.org
Heather Odom,14,10,4,esalas@example.org
Lorraine Schroeder,14,7,7,danielhines@example.net
Karen Conway,14,5,9,yking@example.org
Ray Smith,14,6,8,thomasdesiree@example.org
Christopher Brooks,14,4,10,eringill@example.com
Craig Costa,14,6,8,lisamcbride@example.com
Mr. Sergio,14,6,8,osborntravis@example.net
Caitlin Newman,14,9,5,kyle87@example.com
Joseph Moran,14,6,8,timothyjackson@example.net
Richard Leonard,14,7,7,grimesgregory@example.org
Nicole Alvarado,14,5,9,fernandezkaren@example.net
Miss Alexandra,14,4,10,wendymcintyre@example.net
Rachel Smith,14,4,10,michaelgilmore@example.net
Jane Cook,14,8,6,karenrodriguez@example.org
Derek Moore,14,6,8,owensjohn@example.com
Gina Zimmerman,14,5,9,marilynnelson@example.org
Kathy Hernandez,14,8,6,christopherhall@example.com
James Rivera,14,9,5,dominiquebarker@example.org
Aaron Bowers,14,8,6,scottwendy@example.org
Jennifer Villarreal,14,7,7,kennedyjillian@example.com
Rachel Smith,14,4,10,michaelgilmore@example.net
Jessica Hall,14,5,9,bowmansamuel@example.org
Jose Berry,14,8,6,erikschultz@example.org
Alejandra Garrison,14,7,7,garrett27@example.org
Kathy Carpenter,14,8,6,calvin65@example.com
Gregory Charles,14,7,7,yboyer@example.org
Ricky Montoya,14,6,8,christopherpreston@example.net
Carol Craig,14,5,9,lisa07@example.com
David Compton,14,7,7,ilee@example.org
Amber Hess,14,7,7,cartercasey@example.com
Laura Peterson,14,3,11,devinmartin@example.com
Victor Mitchell,14,9,5,douglas53@example.org
Paul Martin,14,7,7,andersondawn@example.com
Nicholas Sullivan,14,8,6,bperez@example.net
Shannon Williams,14,6,8,amyvance@example.org
Samuel Daniel,14,11,3,mitchelljoshua@example.com
Trevor Carter,14,3,11,chayden@example.org
Adam Peterson,14,9,5,santanastacy@example.com
Thomas Johnson,14,8,6,riverajane@example.com
Gina Zimmerman,14,5,9,marilynnelson@example.org
Michael Sanders,14,8,6,davisroberto@example.net
Stephanie Wolf,14,6,8,erussell@example.com
Dustin Conner,14,10,4,kbowers@example.net
Whitney Barnett,14,8,6,mitchellthomas@example.net
Cristina Hawkins,14,8,6,christopher66@example.com
Thomas Wilson,14,6,8,rjohnson@example.org
William Bailey,14,10,4,hendersondonna@example.com
John Jackson,14,9,5,vargasbrett@example.org
John Horn,14,8,6,courtneystevens@example.net
Michael Miller,14,7,7,jill79@example.com
Terry Young,14,8,6,christineallen@example.net
Deborah King,14,5,9,kimberly57@example.net
James Woods,14,6,8,rebecca99@example.org
Dr. Matthew,14,10,4,monica07@example.org
Michelle Jones,14,8,6,alisha83@example.net
April Taylor,14,8,6,michellejohnson@example.net
Andrea Hines,14,10,4,weisscaitlin@example.org
Lisa James,14,7,7,millerdaniel@example.com
Joseph Robbins,14,5,9,iansmith@example.org
Joshua Lucas,14,8,6,richardhenry@example.net
Kerry Park,14,6,8,katelyn69@example.net
Rebecca Roy,14,9,5,kenneth80@example.net
Joseph Ramirez,14,6,8,melissaburns@example.com
Shannon Williams,14,6,8,amyvance@example.org
Darren Doyle,14,4,10,sperkins@example.com
William Bailey,14,10,4,hendersondonna@example.com
Selena Phillips,14,9,5,pmiranda@example.net
Natasha Smith,14,5,9,carlsonwesley@example.com
Steven Jones,14,6,8,margaret25@example.net
Leslie Walls,14,7,7,adam76@example.org
Alexander Hamilton,14,8,6,staffordtara@example.com
Crystal Williams,14,5,9,carterashley@example.net
David Price,14,7,7,crystal26@example.org
Abigail Mendoza,14,6,8,stevenrosario@example.net
Kristina Anderson,14,8,6,joyce32@example.org
Timothy Edwards,15,9,6,hernandezcandace@example.org
Tiffany Haney,15,8,7,glenn73@example.com
Kristen Ward,15,9,6,marietorres@example.org
Sara Rowe,15,6,9,kyle35@example.org
Christopher Macias,15,6,9,powelldanielle@example.com
Richard Castro,15,8,7,terrellkelsey@example.net
Jennifer Morgan,15,7,8,mvang@example.net
Connor Rodgers,15,8,7,hallkenneth@example.com
John Walters,15,7,8,travisliu@example.com
Kathryn Vang,15,7,8,jane15@example.com
Morgan Choi,15,4,11,keithmiller@example.org
Stephen Beltran,15,9,6,deborah71@example.org
Walter Cruz,15,4,11,guerreropatricia@example.com
Phyllis Salas,15,4,11,lucerodavid@example.net
William Brown,15,7,8,tnguyen@example.net
Alex Johnson,15,8,7,smay@example.com
Kevin Winters,15,5,10,samuel75@example.com
George Evans,15,7,8,ntaylor@example.net
Brian Miller,15,8,7,william06@example.org
Sara Mcpherson,15,7,8,donald55@example.org
Kristen Miller,15,8,7,stephaniebarker@example.org
Alexander Burke,15,4,11,aalexander@example.org
Shane Moreno,15,5,10,alexandererin@example.org
Jason Tanner,15,8,7,jerryadkins@example.com
Eileen Davidson,15,9,6,vcarroll@example.com
Christopher Whitney,15,8,7,martinezmaria@example.org
Jason Martinez,15,3,12,kristenholland@example.org
Michael Walton,15,8,7,william59@example.org
Luis Gordon,15,5,10,normanhudson@example.org
Timothy Sandoval,15,7,8,tracybradley@example.net
Erin Reyes,15,10,5,peter59@example.org
Corey Reese,15,10,5,rodgersthomas@example.com
Robert Oneill,15,9,6,averyrobert@example.org
Gina Zimmerman,15,9,6,marilynnelson@example.org
William Gross,15,4,11,mariawallace@example.net
Victoria Sherman,15,8,7,keith55@example.com
Daniel Rojas,15,7,8,jorgeromero@example.com
Nicole Robinson,15,4,11,lramirez@example.net
James Short,15,6,9,rachelespinoza@example.org
Emma Byrd,15,6,9,lisalewis@example.com
Kimberly Bowman,15,6,9,ashleyellis@example.com
Jason Thomas,15,8,7,ygonzalez@example.org
Paul Nelson,15,8,7,jameskirk@example.com
Jennifer Hunter,15,7,8,ehowell@example.com
Sheila Durham,15,11,4,cynthia81@example.org
Vincent Yang,15,8,7,umorris@example.net
Karen Simon,15,8,7,garrett67@example.com
Lori Reed,15,6,9,reevesjeremy@example.org
Jason Rodriguez,15,9,6,tlewis@example.com
Todd Jones,15,7,8,jonesstephen@example.com
Holly Campbell,15,8,7,james09@example.com
Jocelyn White,15,10,5,josephsims@example.net
James Short,15,6,9,rachelespinoza@example.org
Kathy Thomas,15,7,8,erica38@example.net
Pamela Flores,15,7,8,nwilson@example.org
Stephanie Henry,15,7,8,kdavis@example.com
Ryan Smith,15,8,7,rodriguezmatthew@example.org
Amanda Oliver,15,5,10,leevincent@example.net
Holly Kelley,15,9,6,shawnmorris@example.com
Eric Riley,15,10,5,ldiaz@example.org
James Gutierrez,15,5,10,xjames@example.net
Lisa Taylor,15,9,6,wharris@example.net
Sandra Pineda,15,7,8,torresstephanie@example.org
Jeremy Roberson,15,9,6,dylan50@example.net
Linda Hill,15,8,7,alexenglish@example.org
Kelly Flynn,15,11,4,vgoodwin@example.org
Tiffany Byrd,15,12,3,jonathan06@example.com
Danielle Moran,15,7,8,osanders@example.net
David Scott,15,9,6,jonathancook@example.com
Daniel Foster,15,6,9,ydominguez@example.com
William Miller,15,9,6,holly47@example.com
Frank Simon,15,8,7,beverlyrodriguez@example.net
Cindy Macias,15,8,7,jacob64@example.org
Matthew Martin,15,10,5,kristopher44@example.com
Connor Rodgers,15,8,7,hallkenneth@example.com
Brian Johnson,15,6,9,williamwarner@example.com
Edward Miller,15,6,9,paulheather@example.com
Kevin Fields,15,9,6,glennevans@example.com
Paul Nelson,15,8,7,jameskirk@example.com
Bradley Patterson,15,5,10,linda73@example.com
Jacqueline Barnes,15,5,10,gonzalezmary@example.org
Megan Copeland,15,8,7,younglaura@example.org
Joseph Owens,15,7,8,castillosusan@example.org
Amanda Brady,15,8,7,iortega@example.net
Susan Bond,15,6,9,ashleyward@example.com
Vincent Yang,15,8,7,umorris@example.net
Steven Edwards,15,9,6,jhunter@example.org
Vickie Carr,15,7,8,dannyjordan@example.com
Lee Brown,15,8,7,perezthomas@example.net
Shawn Wilson,15,9,6,randerson@example.net
Jason Browning,15,8,7,mary07@example.com
Patricia Wade,15,9,6,johnchen@example.net
Jennifer Cook,15,6,9,michaelcarr@example.org
Ricardo Winters,15,4,11,martinezkristen@example.net
Amy Evans,15,9,6,fisherjustin@example.com
Kelly Curtis,15,8,7,davisjames@example.net
John Page,15,6,9,melissa33@example.net
Dustin Willis,15,6,9,janetbenson@example.net
Helen James,15,12,3,maxwellbrian@example.org
Derek Booker,15,9,6,michaelsmith@example.com
Michael Hubbard,15,9,6,bethmalone@example.net
Daniel Rojas,15,7,8,jorgeromero@example.com
Manuel Jimenez,15,7,8,morsedaniel@example.com
James Gutierrez,15,5,10,xjames@example.net
Sara Jones,15,5,10,kathleen52@example.net
Jason Chambers,15,8,7,warrenvincent@example.com
Michelle Munoz,15,9,6,katelyncolon@example.org
Christopher Miller,15,9,6,gmartinez@example.org
Julie Lutz,15,8,7,jacob10@example.net
Chelsey Barber,15,9,6,westlisa@example.net
Marcus Riley,15,8,7,lisapham@example.org
Angela Powell,15,7,8,perezjason@example.net
Elizabeth Wilkinson,15,12,3,umurphy@example.org
Janet Fernandez,15,8,7,ericjimenez@example.net
Daniel Jones,15,10,5,uscott@example.org
Sara Rowe,15,6,9,kyle35@example.org
Richard Shaw,15,9,6,elizabethjohnson@example.com
Ana Vincent,15,12,3,rodriguezpamela@example.net
Holly Lang,15,8,7,dana55@example.net
Sharon Wilkinson,15,4,11,emily84@example.com
Mindy Lawson,16,7,9,anthonyfoster@example.org
Gregory Garcia,16,8,8,rallen@example.org
Stephen Martinez,16,8,8,guybrown@example.net
Annette Morris,16,5,11,jennifer61@example.org
Jesse Smith,16,7,9,cedwards@example.com
Randy Chan,16,7,9,dale70@example.net
Bobby Burke,16,12,4,martin01@example.net
Christopher Gonzalez,16,8,8,carrollkatherine@example.org
Michael Cordova,16,10,6,erin20@example.com
Abigail Miller,16,10,6,cpope@example.com
Matthew Phelps,16,9,7,sandralindsey@example.com
David Larson,16,8,8,gdixon@example.org
Jennifer Walker,16,4,12,hansenjoshua@example.com
Carol Mckay,16,8,8,zachary63@example.com
Linda Jones,16,10,6,iperez@example.net
Charles Tapia,16,7,9,langwilliam@example.org
Heather Carter,16,5,11,twilson@example.com
Sarah Coleman,16,6,10,robertsphillip@example.com
Chloe Mendoza,16,6,10,kwilliams@example.com
Casey Bailey,16,9,7,huntamy@example.net
Shannon Wilson,16,10,6,marthahunter@example.org
Jeremy Gill,16,7,9,ghouston@example.net
Bonnie Miller,16,7,9,megan70@example.net
Kathleen Johnston,16,7,9,wilsonmichelle@example.net
Rebecca Williams,16,8,8,melissa82@example.net
Joseph Miles,16,5,11,marymalone@example.org
Julia Dennis,16,6,10,myoung@example.net
Victor Williams,16,9,7,hernandezmelissa@example.net
Lauren Johnson,16,5,11,reedcrystal@example.com
Ivan Swanson,16,9,7,brandonoliver@example.net
Kara Taylor,16,7,9,gregory69@example.org
Caitlyn Shaw,16,5,11,smithmichael@example.org
Chloe Mendoza,16,6,10,kwilliams@example.com
Jordan Chang,16,9,7,lsmith@example.org
James Smith,16,6,10,melissarogers@example.com
Brittany Hart,16,7,9,pgarcia@example.net
Reginald Douglas,16,7,9,moyerolivia@example.net
Valerie Campbell,16,11,5,joshuabecker@example.org
Dominique Salinas,16,8,8,millerandrew@example.net
Scott Crawford,16,10,6,uthomas@example.org
Michael Walker,16,8,8,sara52@example.net
Robert Cantrell,16,6,10,reedstephen@example.com
Jason Howe,16,8,8,williamsmith@example.net
Jordan Carter,16,10,6,davislarry@example.org
Keith Lopez,16,5,11,parkertara@example.net
Robert Cunningham,16,10,6,patelandrew@example.net
Sharon Allen,16,10,6,vtorres@example.net
Jamie Bishop,16,8,8,brandi46@example.net
Brett George,16,8,8,chavezmelanie@example.com
Michelle Garner,16,7,9,melissaescobar@example.net
Jennifer Cook,16,9,7,paul81@example.com
Amber Eaton,16,8,8,rflynn@example.com
Elizabeth Hall,16,9,7,beckjames@example.org
Michael Watkins,16,8,8,martinnicholas@example.org
Kevin Coleman,16,10,6,johnstanley@example.net
Erica Barber,16,9,7,dawn66@example.net
Stephen Haas,16,10,6,nicholas79@example.org
Dawn Owen,16,7,9,jilliansmall@example.com
Colin Braun,16,8,8,aaron52@example.com
Kimberly Barber,16,6,10,gonzalezkayla@example.org
Tamara Cummings,16,9,7,bradleyjimenez@example.net
Lauren Scott,16,8,8,coxandrew@example.com
Christopher Bailey,16,7,9,ugutierrez@example.org
Julie Parsons,16,7,9,schmidtmichele@example.com
Reginald Douglas,16,7,9,moyerolivia@example.net
Eric Spencer,16,13,3,mrodriguez@example.net
Gabriel Thompson,16,4,12,qhall@example.org
John Anderson,16,7,9,doughertycaleb@example.org
Anthony Ross,16,8,8,nelsonkristi@example.org
James Barker,16,9,7,hhernandez@example.net
Jessica Oconnor,16,10,6,jamesmurphy@example.com
Dylan Miller,16,10,6,uwalker@example.org
Amanda Ramirez,16,3,13,ricejudy@example.com
Karina Curtis,16,8,8,gomezthomas@example.org
Sarah Walker,16,9,7,tinalozano@example.net
Daniel Woods,16,11,5,krystalcurry@example.com
Malik White,16,5,11,edwardcaldwell@example.com
Kristin Baker,16,9,7,edwardbauer@example.net
Jonathan Gonzalez,16,10,6,amy04@example.org
Charles Koch,16,9,7,joseph89@example.com
Theresa Robinson,16,8,8,fcarter@example.com
David Shaw,16,9,7,rtyler@example.org
Nicholas Russo,16,6,10,briananderson@example.com
Anthony Myers,16,7,9,matthew63@example.net
Richard Gregory,16,10,6,rgaines@example.org
Vanessa Jenkins,16,9,7,shelleyhernandez@example.com
Sara Tucker,16,5,11,sking@example.net
Tara Perez,16,11,5,ujohnson@example.org
Jordan Brown,16,11,5,amanda30@example.com
Tiffany Miller,16,6,10,yjones@example.net
Debbie Day,16,6,10,mark61@example.org
Joseph Mckinney,16,9,7,angelaphelps@example.com
Brooke Wade,16,10,6,daniellehines@example.net
Tanya Martin,16,9,7,taylormichael@example.net
Jonathan Ingram,16,9,7,gdiaz@example.com
John Foster,16,11,5,timothydunn@example.net
Jennifer Riley,16,10,6,christian11@example.org
Erin Stone,16,9,7,jonathancarpenter@example.com
Heather Cruz,16,12,4,taraparker@example.net
Erin Hardin,16,6,10,psmith@example.net
Jean Pena,16,11,5,daniellogan@example.com
Julie Long,16,11,5,clifford84@example.org
Michael Shaffer,16,4,12,jacobsdebra@example.net
Michael Fernandez,16,9,7,nathan66@example.org
Gregory Watson,16,6,10,kristabaldwin@example.org
Richard Turner,16,11,5,lharmon@example.com
Natalie Reyes,16,8,8,wardsabrina@example.com
Sharon Montgomery,16,5,11,tmitchell@example.org
Sara Brown,16,9,7,molinachristine@example.com
Thomas Torres,16,10,6,shaffersierra@example.net
Joshua Garcia,16,10,6,lcoleman@example.com
Dale Richards,16,7,9,estone@example.com
Brittany Kennedy,16,10,6,brittany34@example.net
Ashley Smith,16,9,7,chadcolon@example.com
Grant Murphy,16,9,7,leslie86@example.net
Dominique Brown,16,12,4,smithjeffrey@example.org
John Ellis,16,5,11,escott@example.org
Amber Perez,16,9,7,ryanbeltran@example.org
Shawn Houston,16,8,8,denisehart@example.org
Robert Gonzalez,16,9,7,laurawalters@example.net
Jay Jenkins,16,6,10,cantunatalie@example.org
Kelly Proctor,16,8,8,william60@example.org
Shane Brown,16,7,9,campbellkevin@example.net
Gregory Smith,16,6,10,gpeterson@example.org
Alison Martinez,16,10,6,schavez@example.com
Lance Khan,16,9,7,nparker@example.org
Johnny Myers,16,5,11,emorgan@example.net
Marie Greene,16,11,5,yjohnson@example.org
Wayne Walker,16,5,11,johnstonkimberly@example.net
Timothy Novak,16,6,10,ryan45@example.org
Pamela Anderson,16,12,4,trichardson@example.net
Kenneth Ramirez,16,5,11,stevensrobert@example.org
Donald Torres,16,9,7,jlopez@example.net
Joseph Garcia,16,10,6,ryankimberly@example.net
Karen Brooks,16,9,7,phillip24@example.net
Luis Sanchez,16,6,10,daniel10@example.org
Sharon Allen,16,10,6,vtorres@example.net
Ronald Gilbert,16,6,10,jamie78@example.org
Melissa Bishop,17,7,10,xgonzalez@example.com
Kyle Perry,17,4,13,wardjoseph@example.net
Anthony Collins,17,9,8,harriskristin@example.org
Dr. Ryan,17,7,10,kenneth02@example.org
Rebecca Clark,17,10,7,robert74@example.net
Patricia Jackson,17,11,6,james56@example.org
Troy Brown,17,13,4,hillbianca@example.net
Madison Williams,17,6,11,cjones@example.com
Ronald Hughes,17,11,6,nicolasallen@example.org
Frederick Williams,17,9,8,robert48@example.org
Diana Gutierrez,17,9,8,hawkinsphilip@example.net
Christine Esparza,17,8,9,james78@example.net
Donna Burgess,17,11,6,ashley34@example.net
Connie Garza,17,9,8,amandagarcia@example.org
Jordan Sullivan,17,10,7,cgarner@example.org
Sierra Williams,17,8,9,lharris@example.com
Joshua Sanchez,17,7,10,brittanybrown@example.org
Laurie Klein,17,11,6,isabel67@example.net
Monique Wallace,17,7,10,donnascott@example.org
Sara Meza,17,8,9,brewermelanie@example.com
Xavier Patton,17,6,11,petersonroy@example.org
Douglas Montgomery,17,9,8,ruizchristopher@example.org
Mark Mckinney,17,5,12,chadbennett@example.com
Richard Gonzalez,17,11,6,jennifer46@example.net
Tina Wright,17,8,9,kreeves@example.com
Kayla Grant,17,12,5,shane94@example.net
Natalie Smith,17,9,8,hendricksdana@example.com
Anthony Thomas,17,7,10,harrisonashley@example.org
Jennifer Johnson,17,8,9,ljackson@example.net
Julie Booth,17,7,10,annareyes@example.org
Dale Walls,17,10,7,sarah84@example.com
Amanda Payne,17,10,7,mccoydebbie@example.org
Carolyn Dominguez,17,6,11,cynthia18@example.net
Dana Lewis,17,10,7,randyestrada@example.net
Melissa Wilson,17,9,8,mcleannicholas@example.net
Anthony Berry,17,12,5,lindsay77@example.net
Matthew Moreno,17,13,4,abanks@example.org
Victoria Oconnor,17,9,8,karen92@example.org
Amanda Adams,17,9,8,paul57@example.org
Alisha Lynch,17,4,13,jessicasoto@example.org
April Osborn,17,7,10,perrywilliam@example.org
Walter Marshall,17,11,6,browncrystal@example.net
Sydney Carter,17,9,8,sharonprice@example.com
Tara Gonzalez,17,7,10,abigail58@example.net
Keith Davis,17,11,6,janice89@example.net
Alexander Baker,17,10,7,emily76@example.org
Michael Hudson,17,9,8,stevenstewart@example.com
Thomas Paul,17,11,6,hwebb@example.net
Thomas Lee,17,6,11,davidperry@example.org
Austin Cruz,17,7,10,nicolekirby@example.net
Mrs. Carmen,17,10,7,owenshawn@example.net
Caroline Martinez,17,7,10,eking@example.org
Sarah Cummings,17,6,11,kevin70@example.net
Adam Kelley,17,8,9,fandersen@example.org
Matthew Holloway,17,8,9,justinbenson@example.com
Stanley Johnson,17,6,11,graymichael@example.com
Carly Brown,17,6,11,selena56@example.net
Mark Scott,17,8,9,desireeking@example.org
Dr. Angela,17,8,9,shafferchristopher@example.net
Peter Horton,17,8,9,qdaniels@example.com
Monica Wagner,17,8,9,udeleon@example.com
Brian Rios,17,8,9,valerie78@example.net
Jacqueline Sanders,17,9,8,unelson@example.net
Whitney Rowe,17,7,10,johnrusso@example.org
Miss Emily,17,8,9,williamwright@example.org
Thomas Soto,17,9,8,ptodd@example.net
Heather Mckenzie,17,8,9,barreradanielle@example.com
Ashley Waters,17,10,7,virginia10@example.org
Tyler Nelson,17,7,10,collinswilliam@example.com
Shari Jackson,17,8,9,mcclurechristine@example.net
Sandra Ellis,17,9,8,xrogers@example.net
Matthew Ward,17,12,5,justinstokes@example.net
Katherine Powers,17,7,10,williamsonangela@example.com
Tamara Wagner,17,10,7,stevenscesar@example.com
Timothy Miller,17,8,9,wlucas@example.org
Manuel Ortiz,17,4,13,barbarabenitez@example.com
Kaitlyn Johnston,17,8,9,jenningssheila@example.net
Jason Reynolds,17,11,6,deborahaguirre@example.net
Andrea Myers,17,4,13,ljones@example.org
Juan Stone,17,10,7,andersonjames@example.org
Jessica Miller,17,8,9,kelly41@example.net
Sandra Ellis,17,9,8,xrogers@example.net
Mr. Jacob,17,10,7,alexandra04@example.net
Allen Duffy,17,5,12,ghanson@example.org
Brittney Martinez,17,5,12,joshua01@example.net
David Cooper,17,8,9,quinnmichael@example.org
Daniel House,17,9,8,nstanley@example.com
Jennifer Kelly,17,8,9,christopher72@example.org
Heather Jones,17,11,6,amberbuckley@example.com
Nicholas Kelley,17,8,9,riveraashley@example.net
Vincent Romero,17,6,11,qburke@example.com
Erin Ballard,17,9,8,nicholas06@example.com
Renee Anderson,17,8,9,michealmunoz@example.org
Heather Weber,17,5,12,josephthomas@example.net
Michelle Olson,17,8,9,courtneymorris@example.org
Erika Castaneda,17,11,6,matthew04@example.org
Grace Hatfield,17,7,10,donnajones@example.org
Robert Tucker,17,12,5,tyler98@example.net
Bradley Mccann,17,10,7,jonesmichelle@example.com
Tamara Stevens,17,9,8,alexandradunlap@example.com
Daniel Miller,17,9,8,parkermartinez@example.net
Mary Curtis,17,8,9,jennifer82@example.net
Donald Fisher,17,7,10,alison30@example.com
Samuel Henry,17,8,9,mullinskimberly@example.com
Laura Edwards,17,7,10,monica85@example.net
Katrina Harrison,17,8,9,patelamy@example.com
Shari Henry,17,14,3,cmcfarland@example.net
Jessica Campbell,17,12,5,mmatthews@example.org
Lauren Cherry,17,7,10,whitney80@example.com
Mark Lawrence,17,9,8,fcardenas@example.com
Pamela Harris,17,8,9,hornejesus@example.org
Regina Dickson,17,11,6,schultzmario@example.net
Francisco Hardy,17,8,9,jefferyboone@example.org
Gordon Cruz,17,9,8,kevin97@example.org
Krystal Delgado,17,6,11,westrobert@example.com
Sheila Ingram,17,9,8,georgegarcia@example.net
David Pierce,17,9,8,michelle53@example.net
Thomas Ortega,17,6,11,garcianathaniel@example.com
Jorge Gibson,17,8,9,charlesallen@example.net
Amy Smith,17,5,12,elizabethho@example.com
Rachel Phillips,17,10,7,peterneal@example.org
Brent Jackson,17,8,9,sanfordwilliam@example.net
Jenna Curtis,17,8,9,rebecca15@example.com
David Valenzuela,17,11,6,emily86@example.org
Christopher Taylor,17,10,7,sierra78@example.com
David Smith,17,7,10,marissa62@example.net
Ricky Hunter,17,9,8,mercadochristina@example.com
Brian Green,17,11,6,jcalhoun@example.net
Brian Baker,17,10,7,russellregina@example.com
Shane Fowler,17,10,7,morenojames@example.net
Bridget Mason,17,10,7,colliercynthia@example.com
Rodney Dunn,17,13,4,monroeemily@example.com
Marissa Jarvis,17,9,8,finleyjuan@example.com
Jeffrey Gonzalez,17,7,10,zcaldwell@example.net
Abigail Vaughn,17,11,6,egarcia@example.org
Willie Tran,17,10,7,michaelmills@example.net
Janet Cortez,17,6,11,rhall@example.com
Marissa Johnson,17,10,7,harrisonkristina@example.com
Martin Fisher,17,8,9,ggray@example.com
Dr. Ryan,17,7,10,kenneth02@example.org
Caroline Martinez,17,7,10,eking@example.org
Melissa Bishop,17,7,10,xgonzalez@example.com
Christopher Bell,17,6,11,brianjones@example.net
Michael Harris,17,7,10,georgesampson@example.com
Scott White,17,4,13,pauldavis@example.net
Charles Anderson,17,7,10,hdelgado@example.net
Cynthia Horton,17,10,7,matthewjohnson@example.com
Matthew Holloway,17,8,9,justinbenson@example.com
Jenna Wilson,17,9,8,mbrown@example.com
Lucas Adams,17,3,14,summersleah@example.com
Katherine Davis,17,9,8,kerrerica@example.net
Steven Schultz,17,9,8,michaelsimmons@example.com
Yolanda Ortega,17,13,4,melissasalazar@example.org
Julia Mcdowell,17,7,10,dawnevans@example.org
Jasmine Wilcox,17,9,8,turnernorman@example.net
Cody Hancock,17,9,8,vmontgomery@example.com
Roberto Bryan,17,9,8,pbooth@example.net
Joan Johnson,17,9,8,trasmussen@example.net
Alicia Mueller,17,14,3,wsullivan@example.com
Andrew Bishop,17,8,9,williamsveronica@example.net
Johnathan Ward,17,9,8,walter16@example.com
Mr. Michael,17,12,5,paul73@example.net
Joseph Jackson,17,10,7,connerryan@example.net
Bradley Haynes,17,7,10,kristinafoster@example.com
Jennifer Miller,17,6,11,jeremiahsmith@example.net
Sarah Richardson,17,9,8,walkerjose@example.net
Latasha Jenkins,17,9,8,dwagner@example.com
Sarah Figueroa,17,9,8,woodlori@example.com
Jay Fox,17,11,6,bhowe@example.com
Dr. Heather,17,10,7,benjamin93@example.org
Kevin Delgado,17,7,10,katiemurphy@example.net
Kristina Harrison,17,9,8,amanda14@example.net
Sue Smith,17,7,10,baileykristin@example.com
Angel Webb,17,8,9,dbrown@example.org
Brandon Arnold,17,11,6,vcruz@example.net
Christopher Smith,18,9,9,ehall@example.net
Rebecca Lewis,18,6,12,carlos89@example.com
Christopher Hendrix,18,9,9,rsanchez@example.com
Mary Wilson,18,9,9,angelamendez@example.com
April Reyes,18,11,7,thomassteven@example.com
Ross Davenport,18,9,9,herringchristopher@example.net
Yvette Byrd,18,11,7,williamsronnie@example.com
Eric Benitez,18,11,7,joshua32@example.net
Ruben Kaiser,18,12,6,kimward@example.org
Nicholas Doyle,18,10,8,ysingh@example.org
Jimmy Moore,18,9,9,louis11@example.org
David Scott,18,10,8,jeremy37@example.org
Sandra Stone,18,11,7,clairepalmer@example.org
Gregory Lee,18,7,11,ghiggins@example.org
Cory Boyd,18,11,7,alyssa65@example.org
Tamara Simon,18,9,9,james93@example.com
Tanya Lewis,18,11,7,willisjoanne@example.com
Stephanie Baker,18,8,10,brianodonnell@example.net
David Henderson,18,9,9,xallen@example.org
Ricardo Fritz,18,10,8,dmyers@example.com
Julie Newman,18,9,9,tayloramy@example.net
Alex George,18,9,9,willie89@example.net
Shane Fischer,18,12,6,jennifergonzalez@example.net
Lorraine Franklin,18,8,10,grobertson@example.com
Janet Davis,18,11,7,gjohnson@example.org
Mrs. Audrey,18,10,8,smithkrista@example.net
Samuel Brown,18,6,12,gloverronald@example.org
Mary Torres,18,6,12,rachel76@example.com
Randall Martin,18,6,12,vduncan@example.org
Brianna Williams,18,7,11,ebarron@example.net
Daniel Larson,18,9,9,matthew11@example.com
Brandon Chavez,18,8,10,jenkinsphillip@example.com
Alec Conner,18,11,7,jeffery97@example.org
Jonathan Watson,18,10,8,hjones@example.net
Barbara Hamilton,18,7,11,sgonzalez@example.org
Steven Salazar,18,8,10,mallen@example.com
Brian Miller,18,13,5,christopherwilson@example.net
Heather Bates,18,11,7,smithmelvin@example.org
David Martinez,18,7,11,schen@example.net
Karen Ortiz,18,10,8,williamsamy@example.net
Jonathan Brown,18,6,12,sheri35@example.org
Sarah Garza,18,9,9,sarah50@example.com
Jose Frazier,18,6,12,stephen75@example.net
Brian Hawkins,18,7,11,hopkinsdeborah@example.com
Christina Gonzalez,18,13,5,hschmidt@example.org
Henry Nguyen,18,8,10,flewis@example.com
Brandon Foster,18,6,12,nedwards@example.net
Jacqueline Keller,18,7,11,brandonlandry@example.com
Shannon Mckenzie,18,8,10,zunigaterrance@example.com
Ethan Lewis,18,8,10,jared22@example.net
Joyce Avery,18,10,8,james85@example.net
Duane Christian,18,13,5,hartjohn@example.org
Teresa Jones,18,10,8,jameswilliamson@example.com
Christina Burton,18,7,11,sharonmayo@example.org
Todd Allen,18,12,6,gutierrezalbert@example.com
Randall Martin,18,6,12,vduncan@example.org
Kimberly Barrett,18,9,9,phillipskevin@example.net
Julie Henderson,18,10,8,mercerwalter@example.net
David Johnson,18,13,5,baileyjonathan@example.com
Mary Stafford,18,8,10,jdodson@example.net
Alexis Vincent,18,10,8,michael97@example.org
Jerry Merritt,18,11,7,douglas09@example.org
Laura Cox,18,9,9,natashaanderson@example.org
Cody Zhang,18,12,6,darrenhaynes@example.com
Tara May,18,7,11,robert86@example.com
Jason Steele,18,10,8,gortega@example.org
Scott Brown,18,8,10,zyoung@example.org
Randall Martin,18,6,12,vduncan@example.org
Erin Reed,18,11,7,obond@example.net
Daniel King,18,5,13,samantharogers@example.net
Shane Arroyo,18,11,7,luis26@example.org
Jessica Edwards,18,6,12,eskinner@example.net
Brian Palmer,18,8,10,watsonmelissa@example.org
Melissa Wood,18,12,6,karen97@example.org
Mr. Charles,18,11,7,anthony24@example.net
Richard Rogers,18,10,8,christine24@example.net
Mrs. Sarah,18,10,8,marc44@example.org
Phillip Holmes,18,8,10,billynelson@example.org
Yvonne Smith,18,8,10,jonathan60@example.com
James Payne,18,7,11,smithdanielle@example.org
Levi Jackson,18,9,9,xluna@example.com
Cassie Kramer,18,7,11,matthew74@example.org
Tammy Benitez,18,11,7,ierickson@example.org
Kathy Williams,18,8,10,ojennings@example.org
James Atkinson,18,12,6,johnhuffman@example.org
Melanie Castro,18,10,8,drodriguez@example.net
Breanna Fowler,18,10,8,karl64@example.com
Rhonda Macias,18,9,9,cynthiagreen@example.org
Katrina Evans,18,8,10,aking@example.com
Tracey Navarro,18,11,7,anthonybender@example.org
April Mccoy,18,10,8,ssalazar@example.org
Nathan Gilbert,18,13,5,margaret03@example.org
Chad Benson,18,11,7,crystalgood@example.com
Jade Trujillo,18,11,7,jenniferknapp@example.net
Jenny Thomas,18,11,7,austin98@example.com
Karen Powers,18,10,8,davidsonerika@example.net
Gina Arellano,18,10,8,christinasanchez@example.com
Robert Knox,18,7,11,davidchristian@example.org
Christopher Dunn,18,6,12,andrewsamy@example.org
Nathan Costa,18,5,13,teresa28@example.com
Raymond Stone,18,9,9,umoore@example.org
James Coleman,18,9,9,uhanson@example.net
Samuel Brown,18,6,12,gloverronald@example.org
Christina Kim,18,7,11,travissmith@example.com
Mark Decker,18,7,11,thomaschristine@example.net
Terrance Richardson,18,8,10,joe30@example.org
Anthony Butler,18,8,10,karen72@example.net
Brooke Taylor,18,11,7,perezlori@example.com
Tyler Moore,18,9,9,davidzuniga@example.org
Eric Alexander,18,12,6,williswendy@example.com
Shirley Davis,18,10,8,ronaldsimon@example.com
Rodney Logan,18,8,10,christinegordon@example.org
Jessica Williams,18,8,10,tbarajas@example.net
Nicole Escobar,18,13,5,sean40@example.com
Joshua Davis,18,11,7,jamessalinas@example.net
Danielle Patel,18,7,11,wthompson@example.org
Meghan Mathews,18,8,10,heather48@example.com
Deanna Benson,18,11,7,jenniferconway@example.com
Desiree Clark,18,10,8,hernandezsally@example.com
Kimberly Richards,18,10,8,mitchell02@example.org
Kimberly Landry,18,6,12,awhite@example.com
Charles Williams,18,5,13,williamssteven@example.org
Jennifer Wagner,18,11,7,osanders@example.com
Edward Shaw,18,9,9,johnsonelizabeth@example.org
Anthony Williams,18,8,10,daniel64@example.com
Kaitlyn Cruz,18,8,10,clayroger@example.net
Alexander Bell,18,4,14,dcross@example.org
Matthew Nguyen,18,9,9,carriesmith@example.org
Angela Harvey,18,9,9,wsmith@example.net
Samuel French,18,7,11,victoria08@example.org
Travis Newton,18,10,8,tfrancis@example.net
Elizabeth Sparks,18,11,7,jeremy80@example.net
Gerald Smith,18,10,8,douglasstark@example.net
Teresa Lawrence,18,9,9,johnbutler@example.com
Logan Bartlett,18,9,9,ruizthomas@example.org
Krista Dawson,18,10,8,uadams@example.org
Laura Holder,18,8,10,jennabanks@example.com
Valerie Gray,18,7,11,stephanie20@example.com
James Griffin,18,8,10,znixon@example.com
Eric Shepard,18,8,10,mbrown@example.org
Jeffrey Jenkins,18,12,6,tromero@example.net
Eric Morgan,18,10,8,ischaefer@example.org
Rachel Woodard,18,9,9,ewade@example.com
Mark Morgan,18,10,8,jacob31@example.net
Janice Wiggins,18,8,10,perryjeremy@example.com
Maureen Lopez,18,10,8,margaretwalsh@example.org
Linda Reeves,18,8,10,meganallen@example.com
Suzanne Brown,18,8,10,qstephens@example.net
Matthew Sanders,18,11,7,berrythomas@example.net
Bryan Stewart,18,9,9,andrew09@example.com
Amber Stone,18,4,14,amanda75@example.org
Jeremiah Ashley,18,7,11,kristina99@example.org
Jason Casey,18,6,12,ospencer@example.com
Joseph Bowen,18,6,12,angelahorn@example.net
Michael Warren,18,9,9,brandy10@example.net
James Dennis,18,13,5,angelavalenzuela@example.org
Brooke Cohen,18,8,10,pattersonjeffery@example.org
Robert Kelly,18,11,7,mark99@example.com
Troy Cameron,18,8,10,doyledaniel@example.com
Alexis Vincent,18,10,8,michael97@example.org
Lindsey Rollins,18,11,7,destiny27@example.net
Jared Goodwin,18,13,5,ericamalone@example.org
Richard Rogers,18,10,8,christine24@example.net
Amanda Sexton,18,8,10,ortizlindsay@example.net
Adam Anderson,18,9,9,hwilliams@example.com
Judy Benjamin,18,8,10,taylorparks@example.net
Jessica Edwards,18,6,12,eskinner@example.net
Jordan Armstrong,18,8,10,ncollier@example.com
Amanda Parker,18,10,8,thompsonlisa@example.org
Samantha Martin,18,7,11,lisapatrick@example.org
Jared Goodwin,18,13,5,ericamalone@example.org
Steve Harrington,18,9,9,andersondeanna@example.org
Laura Johnson,18,8,10,janicewarren@example.com
Julia Bowers,18,7,11,katelyn58@example.com
Tammy Benitez,18,6,12,ierickson@example.org
Troy Wu,18,8,10,sbowman@example.com
Victoria Williams,18,10,8,tina35@example.org
Melissa Dillon,18,10,8,bcook@example.com
Travis Johnson,18,9,9,gloriaburgess@example.net
Edward Kelley,18,11,7,nicholasjensen@example.com
Raymond Clark,19,8,11,uknight@example.org
Bryan Scott,19,6,13,kurtkim@example.org
Mark Williams,19,10,9,lindahernandez@example.org
Michael Howell,19,10,9,janicemccarty@example.org
Teresa Robertson,19,14,5,christopher54@example.org
Chad Cruz,19,7,12,hsilva@example.org
Patricia Evans,19,13,6,adammiller@example.org
Tanya Hopkins,19,8,11,dwayne86@example.net
Rebecca Thomas,19,8,11,eallen@example.org
Andrea Wells,19,10,9,stephenmartinez@example.net
Samuel Roy,19,7,12,kellymcpherson@example.org
Donald Camacho,19,8,11,lauradavis@example.com
Richard Casey,19,11,8,bryanfoley@example.net
Steven Collins,19,9,10,patricia24@example.org
Mr. David,19,6,13,justin36@example.org
Matthew Thomas,19,8,11,delgadostacey@example.net
Tara Davis,19,10,9,matthewwells@example.com
Mitchell Kerr,19,8,11,seanrichardson@example.net
James Black,19,10,9,kmiddleton@example.org
Jessica Gonzales,19,10,9,rlee@example.org
Sarah Bryant,19,9,10,kperez@example.com
Gail Jones,19,11,8,alan89@example.com
Debbie Blair,19,9,10,ogarcia@example.org
Patrick Davidson,19,8,11,andrewhill@example.com
Dennis Baldwin,19,10,9,andrew64@example.org
Felicia Miller,19,8,11,thomas74@example.org
Jennifer Roth,19,8,11,jenniferandrews@example.net
Courtney Martin,19,8,11,mcrane@example.com
Timothy Harris,19,5,14,kimberly33@example.org
Jerry Villa,19,9,10,alexis93@example.com
Jason Myers,19,11,8,maryfrench@example.org
John Johnson,19,8,11,brandonortega@example.net
Joseph Case,19,9,10,brett74@example.net
Deborah Curtis,19,7,12,jeffery68@example.com
Amy Miles,19,9,10,osbornewilliam@example.com
Hayley Mcdowell,19,9,10,tinalara@example.org
Ashley Woodward,19,11,8,gloriapope@example.com
John Ryan,19,9,10,robert53@example.org
Leah Shaw,19,10,9,johnny23@example.org
Megan Hernandez,19,10,9,hillyvonne@example.com
Elizabeth Mills,19,9,10,amygarcia@example.net
Shawn Oliver,19,12,7,kathyreilly@example.net
Jessica Smith,19,8,11,jerryvazquez@example.org
Brian Riddle,19,9,10,thopkins@example.net
Olivia Williams,19,8,11,richard11@example.org
Taylor Rivera,19,10,9,justinjohnson@example.org
Curtis Salazar,19,9,10,ryanweeks@example.net
Amanda Walsh,19,11,8,keymichelle@example.org
Dawn Olson,19,11,8,wrightjennifer@example.org
Jacob Craig,19,8,11,vbowman@example.net
Robert Tucker,19,8,11,cruzadam@example.com
Shannon Cabrera,19,12,7,heather27@example.org
Curtis Stevens,19,6,13,yanderson@example.org
Michael Ramirez,19,6,13,carolbrewer@example.com
Michael Harris,19,11,8,georgesampson@example.com
Monica Glass,19,9,10,judy32@example.net
Rebecca Johnson,19,12,7,morganrebecca@example.net
Dr. Christopher,19,7,12,nancywatson@example.org
Stephanie Cruz,19,7,12,gonzalezjeremy@example.net
Cory Rivas,19,11,8,nwilson@example.org
David Stephens,19,9,10,bryanmitchell@example.org
Michael Lopez,19,12,7,jaredstone@example.net
Kelly Herman,19,10,9,jenkinstracy@example.org
Katie Lawrence,19,12,7,scottjoseph@example.org
Renee Pham,19,14,5,mariavalenzuela@example.net
Jonathan Roth,19,8,11,kkim@example.org
Luis Mitchell,19,9,10,hjordan@example.com
Lauren Thompson,19,5,14,ibradford@example.com
Crystal Moore,19,5,14,kathleenwilliams@example.net
Robert Solomon,19,14,5,kevinmcdowell@example.com
Ryan Kim,19,7,12,howarddawn@example.org
Mr. Gregory,19,11,8,alewis@example.org
Kathryn Deleon,19,11,8,phelpsanthony@example.org
Kyle Washington,19,11,8,rblake@example.org
Monica Coleman,19,7,12,rodriguezmicheal@example.net
Stacy Ramos,19,11,8,taramorris@example.com
Cynthia Bryant,19,11,8,omyers@example.net
Michael Harris,19,11,8,georgesampson@example.com
April Brewer,19,10,9,robertstevens@example.net
Alec Crawford,19,9,10,campbellricky@example.net
Nathan Cox,19,9,10,shenderson@example.net
Ryan Hughes,19,8,11,jefferyburnett@example.net
Grant Johnson,19,11,8,trandeborah@example.com
Tanya Carpenter,19,14,5,williamthompson@example.org
Edwin Leblanc,19,14,5,julia20@example.com
Melissa Johnson,19,7,12,lorihowe@example.net
Jason Carlson,19,10,9,sweeneysean@example.net
Brian Mendez,19,9,10,rwoods@example.org
Terry Rivera,19,13,6,jamie10@example.net
Jeffrey Holland,19,8,11,petermoreno@example.com
Elizabeth Gallegos,19,10,9,zerickson@example.org
Laura Hayes,19,11,8,mary02@example.org
Robert Sanchez,19,10,9,dkoch@example.com
Keith Davis,19,10,9,jefferymcclure@example.com
Lawrence Erickson,19,11,8,gouldmichael@example.org
Courtney Gomez,19,8,11,brownanthony@example.com
Teresa Ellis,19,8,11,jenniferrobinson@example.org
Mallory Reyes,19,12,7,monica62@example.net
Joshua Lynch,19,10,9,debra11@example.net
Larry Tran,19,9,10,hoamber@example.com
Colleen Weaver,19,8,11,jefferyperez@example.com
Frederick Hernandez,19,9,10,ronald83@example.com
Sandra Frey,19,13,6,jeremywilson@example.com
Colleen Weaver,19,8,11,jefferyperez@example.com
Scott Sloan,19,4,15,ugregory@example.net
Darrell Brown,19,9,10,floresdevin@example.net
Ruben Navarro,19,6,13,goodwinjason@example.com
Norman Flores,19,13,6,lpowell@example.net
Kristina Richards,19,14,5,alexandermendoza@example.com
Leslie Robinson,19,13,6,jonathan89@example.net
David Warren,19,6,13,nrobinson@example.net
Jose Schultz,19,10,9,lwilson@example.com
Kevin Madden,19,12,7,salazardavid@example.com
Whitney Barnett,19,6,13,mitchellthomas@example.net
Jimmy Carr,19,15,4,stephanie47@example.com
Harry Stokes,19,10,9,kcarter@example.net
John Brown,19,14,5,cjohnson@example.com
Jillian Patton,19,10,9,laura65@example.com
Scott Richardson,19,8,11,johnnynguyen@example.net
Jason Martinez,19,6,13,watsonnancy@example.org
Elizabeth Stevens,19,12,7,hannahhunter@example.org
Jared Young,19,13,6,meganlove@example.net
Christopher Schmidt,19,10,9,emily41@example.com
Kyle Washington,19,11,8,rblake@example.org
James Barajas,19,10,9,browndavid@example.com
Andrew Cox,19,7,12,owang@example.org
Michael Harris,19,11,8,georgesampson@example.com
Rachel Jones,19,15,4,soliskevin@example.com
Nicole Johnson,19,10,9,david18@example.org
David Mcdonald,19,9,10,kristina87@example.org
Ryan King,19,12,7,kimbrandon@example.org
Joshua Reyes,19,12,7,barbara54@example.org
Kristie Thomas,19,8,11,martinchristina@example.net
Todd Scott,19,7,12,bethrobinson@example.net
Tommy Thompson,19,10,9,mklein@example.org
Dawn Cabrera,19,13,6,gonzalezfrank@example.org
Carly Ruiz,19,10,9,gonzalezmark@example.com
John Lyons,19,9,10,dford@example.org
Gloria Watson,19,11,8,watsonpatricia@example.org
Joseph Serrano,19,10,9,bryan52@example.com
Kevin Price,19,13,6,camachojoy@example.net
Raven Taylor,19,13,6,wkennedy@example.org
Alexis Robinson,19,12,7,roy45@example.org
Seth Stevenson,19,11,8,lindarodgers@example.net
Casey Rubio,19,8,11,richard23@example.org
Denise Brown,19,8,11,clarklucas@example.com
Stephanie Ellis,19,7,12,shieldschristine@example.com
John Doyle,19,10,9,zgillespie@example.net
Aaron Hill,19,8,11,qgarcia@example.com
Jeffrey Malone,19,8,11,susan16@example.com
Gary Brown,19,10,9,nancy72@example.net
Matthew Martinez,19,13,6,mccalljacob@example.org
Shawn Morgan,19,8,11,fnichols@example.org
Michael Ramirez,19,6,13,carolbrewer@example.com
Natasha Gilbert,19,7,12,kwebb@example.com
Dennis Fitzpatrick,19,11,8,thomaskelsey@example.org
Amy Hill,19,14,5,kimberly81@example.com
Jason Harrell,19,12,7,charlescline@example.org
Ricardo Morales,19,11,8,ejones@example.net
Kenneth Lewis,19,6,13,josephtorres@example.org
Jacob Cardenas,19,8,11,chill@example.org
Joshua Curry,19,10,9,susan55@example.com
Rick Davis,19,10,9,matthewrobinson@example.com
Billy Hudson,19,10,9,ecarlson@example.com
Theresa Hobbs,19,10,9,qbell@example.com
Mr. Craig,19,7,12,david41@example.com
Michael Fowler,19,10,9,joemaldonado@example.org
Robert Bautista,19,9,10,timothy88@example.org
Gregory Rose,19,9,10,bradleycarpenter@example.org
Frank Phillips,19,11,8,laurasanders@example.net
Christopher Hall,19,8,11,schaeferamy@example.com
Richard Brown,19,12,7,annawhitaker@example.org
Dr. Chad,19,11,8,kramirez@example.net
Henry Drake,19,7,12,rebecca77@example.com
Dwayne Marsh,19,8,11,smithmary@example.com
Caitlin Lucero,19,13,6,sortiz@example.org
Chelsea Bartlett,19,11,8,crosbyjill@example.net
Matthew Thomas,19,8,11,delgadostacey@example.net
Patricia Solis,19,9,10,paulharper@example.net
Alexis Garcia,19,9,10,curtisnicole@example.net
Angela Dunn,19,6,13,yle@example.com
Robert Allen,19,5,14,jennifernorton@example.org
William Tapia,19,9,10,fgonzalez@example.net
Steven Pena,19,13,6,christianwheeler@example.org
Kelsey Payne,19,12,7,suttonearl@example.org
Mr. Charles,19,6,13,kyle10@example.com
Ricardo Morales,19,11,8,ejones@example.net
Amy Bradley,19,14,5,charlespollard@example.com
Julie Smith,19,13,6,johnsonchristian@example.net
James Velasquez,19,9,10,mark76@example.org
Molly Delgado,19,9,10,thomassloan@example.net
Stacey Gilmore,19,9,10,hannah32@example.org
Julie Brady,19,9,10,collinsmason@example.org
Kathleen Harris,19,9,10,brad99@example.com
Francisco Torres,19,7,12,laura73@example.org
Daniel Roberts,19,10,9,fdean@example.org
Tiffany Cunningham,19,10,9,xpadilla@example.org
Teresa Robertson,19,14,5,christopher54@example.org
David Anderson,19,9,10,danielle44@example.org
Brandon Reynolds,20,11,9,katherineterry@example.net
Clifford Medina,20,8,12,shawn01@example.net
Tara Salazar,20,9,11,cgonzalez@example.net
Mr. Colin,20,14,6,ellen86@example.net
Christopher Hughes,20,12,8,reedashley@example.org
Ryan Woods,20,14,6,englishdana@example.org
Daniel Dunn,20,8,12,elizabethharrison@example.net
Jesus Reed,20,9,11,nunezjason@example.com
Katherine Hines,20,10,10,heatherrosales@example.com
Kelsey Williams,20,11,9,gpatel@example.com
Sara Rivera,20,11,9,eric24@example.org
Brad Foster,20,10,10,alexandramorris@example.com
Autumn Johnson,20,9,11,mary28@example.net
James Wells,20,10,10,tbrown@example.org
Jennifer Cruz,20,10,10,kaisermichael@example.org
Patricia Greer,20,10,10,robinsonthomas@example.org
Melissa Smith,20,11,9,shannonharmon@example.com
Cheyenne Martinez,20,10,10,clarketommy@example.org
Jennifer Lawson,20,9,11,chandlermike@example.org
John Jackson,20,9,11,kristenlittle@example.com
Aaron Carroll,20,14,6,edward69@example.com
Frederick Sheppard,20,10,10,jennifermartinez@example.com
Luis Archer,20,9,11,christineday@example.com
Jeffery Patton,20,10,10,ellisemily@example.org
Shawn Kerr,20,8,12,kellyanderson@example.com
Tyler Smith,20,9,11,jesse95@example.com
Kathy Wilson,20,11,9,phammelinda@example.org
Roy Davies,20,14,6,awilson@example.com
Kathryn Martinez,20,8,12,davisheather@example.org
Shannon Green,20,10,10,marshallmonique@example.com
Ricky Hampton,20,8,12,jonesrachel@example.org
Jenna Townsend,20,7,13,stephanie14@example.org
Hannah Flores,20,13,7,erika82@example.org
Eric Powell,20,8,12,reginald49@example.net
Harold West,20,9,11,evelyn23@example.com
Michelle Melton,20,8,12,collinstammy@example.net
Karen Peters,20,9,11,william60@example.com
Joseph Sullivan,20,10,10,aaron50@example.org
Brandon Sanders,20,12,8,lmcclure@example.net
Christopher Barrett,20,12,8,jessicahall@example.org
Michelle Melton,20,8,12,collinstammy@example.net
Phyllis Frank,20,11,9,rochapaige@example.org
Wanda Hoffman,20,10,10,kayla78@example.org
Drew Jones,20,11,9,danielsdavid@example.com
Christine Barker,20,11,9,brittanylove@example.net
Evan Warren,20,10,10,shanemorgan@example.com
Nicholas Kennedy,20,10,10,lynchteresa@example.org
Kristi Glass,20,10,10,joseph16@example.net
Mary Perez,20,9,11,hughesmichael@example.org
James Olson,20,9,11,qhernandez@example.net
Joshua Campbell,20,15,5,scottmaldonado@example.org
Tina Fischer,20,12,8,trodriguez@example.com
Kelsey Johnson,20,11,9,caitlingarcia@example.net
Angela Burke,20,11,9,tina66@example.com
Richard Mcconnell,20,9,11,jeremiah38@example.com
Gloria Church,20,11,9,hensleykenneth@example.org
Priscilla Jones,20,7,13,wknight@example.net
Mark Chapman,20,11,9,warejared@example.net
Christopher Stewart,20,11,9,jbarnes@example.org
Bradley Williams,20,11,9,lambertjeffrey@example.net
Julia Jones,20,11,9,jennifersmith@example.com
Hector Vaughn,20,9,11,susan73@example.org
Rachel Payne,20,9,11,uhoward@example.org
Lindsey Sanchez,20,11,9,lawrencesharon@example.net
Peter Dixon,20,10,10,gonzalezalicia@example.net
Kelly Bell,20,9,11,todd87@example.com
Maria Rogers,20,7,13,gloverkristin@example.org
Katherine Vaughn,20,9,11,megan43@example.com
Richard Montgomery,20,13,7,luisjones@example.com
Tina Fischer,20,12,8,trodriguez@example.com
Patricia Weeks,20,14,6,ulopez@example.net
Nicole Olson,20,9,11,hcontreras@example.com
Thomas Rowe,20,9,11,mcarey@example.net
Whitney Valenzuela,20,10,10,richardpena@example.com
Stephanie Brown,20,6,14,lsmith@example.org
Thomas Parks,20,14,6,xparker@example.org
Brian Lamb,20,10,10,catherine26@example.com
Tina Fischer,20,12,8,trodriguez@example.com
Brenda Perry,20,11,9,tking@example.net
Ryan Wagner,20,10,10,xhernandez@example.org
Daniel Johnson,20,10,10,michele64@example.com
Richard Mann,20,10,10,inguyen@example.org
Emily Davila,20,11,9,robert80@example.com
Benjamin Osborne,20,8,12,zcantu@example.net
Shelly Flowers,20,11,9,latoyamayer@example.net
Rhonda Escobar,20,10,10,swilson@example.net
Phillip Reid,20,12,8,lucas95@example.com
Carolyn Guerra,20,11,9,evansdarin@example.net
Victor Flores,20,7,13,dana68@example.net
Dawn Zimmerman,20,8,12,bentonsherri@example.net
Mr. Michael,20,9,11,robertataylor@example.net
Julia Moss,20,9,11,jonathangreen@example.com
Thomas Harmon,20,11,9,roymiller@example.org
Roger Kent,20,9,11,desireepeterson@example.com
Tina Fischer,20,12,8,trodriguez@example.com
John Gibson,20,11,9,grahamtheresa@example.com
Nicole Hughes,20,10,10,jmoyer@example.org
Jordan Hall,20,12,8,ganderson@example.com
Laura Bailey,20,13,7,kimberlywest@example.com
Natalie Whitney,20,12,8,jimblack@example.net
Brian Contreras,20,7,13,qgomez@example.net
Larry Willis,20,13,7,efields@example.com
Rachel Schultz,20,10,10,ashleyrose@example.net
Michelle Woods,20,9,11,mary71@example.net
Tina Martin,20,9,11,estesdebra@example.org
John Jackson,20,11,9,xwhite@example.com
Nathaniel Hernandez,20,7,13,ychavez@example.net
Jennifer Cruz,20,10,10,kaisermichael@example.org
Donna Huynh,20,9,11,hartgina@example.net
Drew Jones,20,11,9,danielsdavid@example.com
Steven Lutz,20,9,11,holdenthomas@example.org
David Lam,20,10,10,kimberly54@example.net
Natalie Smith,20,6,14,nfreeman@example.org
Sarah Wright,20,6,14,hendersonclaudia@example.org
Gregory Moore,20,8,12,julieholloway@example.com
Daniel Miller,20,9,11,theodore73@example.org
Brittany French,20,10,10,olsoncheryl@example.org
Richard Francis,20,8,12,wilsontina@example.com
Christopher Mason,20,11,9,marie28@example.net
Allison Espinoza,20,12,8,rachael24@example.org
Joshua Dennis,20,11,9,michellejones@example.net
Bailey Mcneil,20,8,12,adrianknox@example.net
Angela Brown,20,7,13,chelseaharvey@example.net
Natalie Wilkerson,20,8,12,tonyavalencia@example.com
Kimberly Lewis,20,12,8,david52@example.net
Misty Wagner,20,12,8,joannehooper@example.com
Julie Smith,20,7,13,hollymaldonado@example.org
James Wolfe,20,11,9,fwood@example.com
Danielle Reed,20,9,11,timothymorris@example.com
Jesus Gibbs,20,11,9,traceysmith@example.net
Katie Russell,20,9,11,caroline36@example.net
Natalie Curtis,20,12,8,tracey47@example.org
Troy Smith,20,10,10,emily02@example.org
Tamara Hartman,20,11,9,andrewthomas@example.net
George Serrano,20,8,12,moorejustin@example.net
Drew Jones,20,11,9,danielsdavid@example.com
Kevin Valdez,20,11,9,carrieayers@example.org
Dana Thomas,20,5,15,penaemily@example.com
Lori Glover,20,9,11,johnsonkevin@example.org
Mark Merritt,20,10,10,sandersleslie@example.net
Randy Yang,20,8,12,nwolfe@example.com
Allison Espinoza,20,12,8,rachael24@example.org
Danielle Campbell,20,12,8,millersamantha@example.net
Shannon Smith,20,7,13,georgegarcia@example.org
James Jones,20,11,9,william45@example.org
Michael Wells,20,12,8,fmorrow@example.com
Justin Haynes,20,11,9,emma44@example.net
Connor Haynes,20,9,11,hicksjacqueline@example.net
Andrea Stewart,20,6,14,bpena@example.org
Leslie Carson,20,6,14,gerald88@example.com
Maria Lindsey,20,9,11,zsalazar@example.net
Stephen Fox,20,10,10,alexandralester@example.org
Katie Russell,20,9,11,debbie12@example.net
Manuel Walsh,20,12,8,zjones@example.com
Dalton Mcdowell,20,7,13,brandonbowman@example.org
Julie Little,20,9,11,nicolemoss@example.org
Megan Ortiz,20,11,9,bvaughan@example.org
Donald Baker,20,11,9,markhaas@example.org
Lynn Taylor,20,15,5,donna43@example.org
Joshua Nash,20,8,12,lopezbrandon@example.com
Mary Griffith,20,13,7,adrienne62@example.com
Karina Ward,20,11,9,bishopveronica@example.net
Rodney Green,20,11,9,jamesrogers@example.org
Carol Fisher,20,11,9,rachelthornton@example.net
Tyler Blair,20,8,12,angela67@example.net
Emma Willis,20,15,5,kaisererika@example.com
Samantha Thomas,20,11,9,gwright@example.com
Kenneth Swanson,20,10,10,carrbrady@example.com
Mallory Hanson,20,12,8,jamespeterson@example.com
Mary Johnson,20,8,12,brian76@example.com
Mary Gibson,20,9,11,perezcody@example.org
Victor Flores,20,7,13,dana68@example.net
Daniel Shah,20,14,6,danielthornton@example.net
Nicole Olson,20,9,11,hcontreras@example.com
Jennifer Waters,20,13,7,alexandra71@example.net
Timothy Williamson,20,12,8,karenhuber@example.net
Susan Campbell,20,11,9,roberthoffman@example.com
Bryce Simon,20,9,11,wgarcia@example.com
Benjamin Morse,20,13,7,dorothy46@example.org
Tommy Hamilton,20,8,12,jesusmiller@example.com
Kathleen Bradley,20,10,10,smithjustin@example.org
Trevor Gonzalez,20,14,6,vazquezclaire@example.net
Beverly Lewis,20,10,10,sherry67@example.com
Mark Richards,20,8,12,qcox@example.org
James Ward,20,9,11,vvargas@example.com
Kevin Carter,20,9,11,darlene37@example.org
Joanne Ortega,20,6,14,qpatton@example.net
Jeremy Benton,20,11,9,ododson@example.org
Matthew Bush,20,7,13,vincentjoseph@example.net
Adam Martin,20,13,7,snyderamanda@example.org
Suzanne Johnson,20,7,13,austintaylor@example.net
Dana Perkins,20,9,11,garciadakota@example.net
Robert Harris,20,11,9,wbooker@example.net
Roberto Silva,20,13,7,dcohen@example.com
Randy Yang,20,8,12,nwolfe@example.com
Patricia Rodriguez,20,12,8,hcamacho@example.net
Jorge Garcia,20,10,10,carpentercrystal@example.org
Cheryl Neal,20,10,10,smithdawn@example.org
Tammy Gibson,20,9,11,lutzchristine@example.com
Jennifer Dominguez,20,7,13,lewisjoseph@example.com
Steven Davis,20,6,14,diazchristopher@example.org
Nicole Payne,20,13,7,vmarquez@example.com
Julie Little,20,9,11,nicolemoss@example.org
Whitney Valenzuela,20,10,10,richardpena@example.com
Jason Miller,20,11,9,joseph38@example.org
Erik Roy,20,9,11,sean58@example.com
Brittany Rivera,20,9,11,sallen@example.org
Christine Lewis,20,8,12,kelly12@example.org
Natalie Curtis,20,12,8,tracey47@example.org
Cynthia Henson,20,13,7,jmcguire@example.com
Sarah Wright,20,6,14,hendersonclaudia@example.org
Adam Nash,20,11,9,james65@example.com
Jamie Quinn,20,6,14,justinrichard@example.org
Andrew Hobbs,21,9,12,keithle@example.net
Jacqueline Green,21,11,10,carrollmichael@example.com
Erica Smith,21,9,12,dgreen@example.com
Kathy Hernandez,21,10,11,christopherhall@example.com
Patricia Archer,21,10,11,norozco@example.org
Misty Vega,21,12,9,jeffreygeorge@example.com
Theresa Meyer,21,7,14,amberpierce@example.org
Natalie Abbott,21,10,11,qsanders@example.net
Patricia Olson,21,11,10,xdixon@example.org
Tiffany Hoffman,21,14,7,arthur15@example.com
Gina Schultz,21,11,10,fgreene@example.org
Daniel Black,21,9,12,molly78@example.net
Joseph Singleton,21,12,9,sarah88@example.net
Jeffrey Sellers,21,11,10,paul31@example.org
Jonathan Novak,21,7,14,sreid@example.net
Sara Austin,21,8,13,houstonchristopher@example.com
Scott Bradley,21,13,8,megan29@example.org
Kristy Lopez,21,9,12,collinstanya@example.net
Jamie Larson,21,14,7,stephanierogers@example.net
Jeffrey Anderson,21,9,12,craigolivia@example.org
Allison Harper,21,10,11,pricejeremy@example.com
Kayla Anderson,21,13,8,jamiepeterson@example.org
Kimberly Reyes,21,12,9,michellesmith@example.net
Jacob Hall,21,11,10,beth66@example.net
Angelica Lopez,21,12,9,mariocannon@example.com
Richard Smith,21,10,11,washingtonpeter@example.net
Sandra Archer,21,7,14,manderson@example.net
Walter Lee,21,9,12,lisastone@example.com
Sue Jensen,21,10,11,dianahouston@example.org
Adam Young,21,9,12,jamie76@example.net
Kevin Porter,21,13,8,emily96@example.com
Melanie Lester,21,15,6,mckenziemelissa@example.com
Yvette Barnett,21,7,14,jennifertorres@example.net
Shawn Gibson,21,11,10,martinray@example.net
Mark Jones,21,7,14,hannah94@example.net
Melissa Johnson,21,8,13,sray@example.net
John Wiggins,21,6,15,wallacetaylor@example.org
Jordan Grimes,21,12,9,ymoore@example.net
Linda Waters,21,12,9,christopherhampton@example.net
Mr. David,21,8,13,gmoore@example.com
Nicole Carrillo,21,14,7,jrobinson@example.org
Lindsay Russell,21,9,12,sonyarichards@example.net
Richard Blankenship,21,13,8,evansrobert@example.org
Paul Mcdonald,21,12,9,bandrews@example.org
Katherine Barnes,21,7,14,dholmes@example.org
Jack Martin,21,10,11,julie37@example.com
William Briggs,21,11,10,laurawells@example.org
Justin Wilson,21,9,12,emily70@example.net
Anne Cox,21,8,13,jasonharris@example.org
David Clark,21,10,11,brownjerry@example.org
Christine Herrera,21,11,10,rebecca30@example.com
Denise Clark,21,8,13,samuelchambers@example.org
Cheryl Anderson,21,7,14,mgomez@example.net
Edward Schultz,21,10,11,echandler@example.net
Kimberly Edwards,21,11,10,kingchristopher@example.org
Angel Kane,21,12,9,jocelynweeks@example.net
John Crawford,21,7,14,krystal23@example.org
Eric Hurley,21,8,13,nguyenchristian@example.com
Dr. Chad,21,10,11,kelly05@example.org
Kimberly Rogers,21,12,9,jennifer69@example.net
John Wilson,21,13,8,hardyrobert@example.org
Amber Glover,21,8,13,timothydixon@example.com
Aaron Barnett,21,13,8,robinsonsamantha@example.org
Lindsay Andrews,21,6,15,bsmith@example.com
Victoria Kim,21,11,10,gjoyce@example.net
Derrick Moore,21,8,13,whitechris@example.net
Breanna Salas,21,12,9,jacksondanielle@example.com
Tina Williams,21,11,10,echan@example.net
Curtis Jones,21,7,14,moodyjohn@example.com
Shelley Palmer,21,10,11,mbaxter@example.net
Shane Campbell,21,9,12,katherinerichard@example.com
Karen Hamilton,21,7,14,jessicaunderwood@example.org
Andre Coleman,21,8,13,williamwalker@example.org
Stephen Johnson,21,9,12,melissa50@example.com
Justin Moore,21,5,16,igilmore@example.com
Jesse Carrillo,21,11,10,owilliams@example.com
Kathryn Scott,21,6,15,qbell@example.com
Christina Garrett,21,8,13,ojohnson@example.net
Debra Shea,21,7,14,shanehernandez@example.com
Ryan Haney,21,7,14,danielle02@example.org
Jose Murphy,21,9,12,gregory41@example.com
Cindy Arnold,21,7,14,simmonskristen@example.org
Frank Hill,21,14,7,xtran@example.net
Ashley Shelton,21,12,9,matthewsjudy@example.com
John Calhoun,21,13,8,bankskathryn@example.net
Robert Thompson,21,7,14,alexander48@example.net
Jordan Grimes,21,12,9,ymoore@example.net
Sean Perry,21,16,5,markmaynard@example.org
Diane Davis,21,13,8,csmith@example.net
Matthew Lawrence,21,7,14,justin69@example.org
Tiffany Miller,21,8,13,robinwalker@example.net
Daniel Arnold,21,13,8,adrianwright@example.com
Scott Davis,21,13,8,rheath@example.org
Julie Wallace,21,11,10,paulayoung@example.net
Linda Hicks,21,12,9,blakenelson@example.org
Jennifer Johnson,21,11,10,jose92@example.net
Amanda Smith,21,12,9,tammykelly@example.net
Sara Scott,21,7,14,shelley11@example.net
Taylor Matthews,21,10,11,blake56@example.com
Isabel Sanchez,21,10,11,william05@example.com
Shannon Mcdaniel,21,11,10,colleenmills@example.org
Michael Potts,21,8,13,michelle94@example.org
Nathan Moore,21,10,11,townsendjared@example.net
Victoria Mcdowell,21,12,9,williamcochran@example.com
Andrew Sanchez,21,8,13,xgross@example.org
Nicholas Paul,21,11,10,esolis@example.net
Jennifer Hernandez,21,11,10,aaron76@example.com
Emily Farmer,21,12,9,kellyjones@example.org
Christopher Stephens,21,14,7,michael08@example.com
Blake Gross,21,13,8,albert29@example.org
Dwayne Kennedy,21,11,10,crawfordderek@example.net
Michael Dunn,21,9,12,shannon95@example.com
Jonathan Gonzalez,21,8,13,bridgespaul@example.com
Michael Hill,21,13,8,smithtravis@example.org
Monica Smith,21,13,8,wcarter@example.org
Sheena Brown,21,15,6,willie56@example.com
Angelica Carr,21,12,9,david61@example.org
Christina Schultz,21,13,8,angelajohnson@example.org
Tony Richardson,21,11,10,nsnyder@example.net
Cheryl Anderson,21,7,14,mgomez@example.net
Billy Day,21,13,8,dorothy49@example.net
Jeffrey Alvarez,21,12,9,jamie56@example.org
Charlotte Wall,21,10,11,johnlewis@example.com
Dalton Guzman,21,9,12,alexandra97@example.org
Barbara Doyle,21,11,10,jeffery53@example.net
Chase Wagner,21,12,9,tgonzalez@example.net
Jonathan Casey,21,15,6,deborah97@example.org
Brooke Miles,21,15,6,wrowland@example.com
Justin Snyder,21,15,6,npeters@example.com
Elizabeth Vasquez,21,9,12,jessica61@example.net
Tara Kennedy,21,9,12,jeremy29@example.org
Lauren Hernandez,21,9,12,margaretgordon@example.net
Kathleen Wallace,21,13,8,hortondanny@example.net
Molly Steele,21,7,14,ashley32@example.com
Pamela Wilson,21,13,8,dblankenship@example.com
Jo Turner,21,13,8,dkoch@example.org
Sarah Lopez,21,11,10,qrivers@example.com
Chad Henderson,21,11,10,ehall@example.org
Olivia Austin,21,9,12,omack@example.com
Debbie Smith,21,12,9,kerrbrian@example.org
Kevin Miles,21,12,9,cobbjustin@example.com
Paul Perez,21,7,14,ktaylor@example.org
William Ewing,21,9,12,zpetersen@example.org
Austin Fisher,21,9,12,jaredharvey@example.com
Anne Hansen,21,11,10,benjamin82@example.org
Jack Martin,21,10,11,julie37@example.com
Jason Burnett,21,9,12,fmartin@example.org
Allen Gonzalez,21,10,11,taylorkelly@example.net
Christopher Green,21,11,10,gkim@example.org
Judy Williams,21,9,12,nicoleanderson@example.com
Lisa Graham,21,11,10,velasquezbrittany@example.com
Charles Oneill,21,8,13,sandragamble@example.net
Breanna Salas,21,12,9,jacksondanielle@example.com
Andrew Garner,21,6,15,jenkinseric@example.net
Steve Alvarez,21,11,10,oliverlindsey@example.org
John Young,21,9,12,dwilliams@example.net
Laurie Lee,21,8,13,keithhayes@example.net
Thomas Wang,21,9,12,cantrellchristopher@example.org
Jeremy Aguilar,21,6,15,eklein@example.org
Brian Rivera,21,7,14,tina12@example.com
John Murphy,21,8,13,ygonzalez@example.com
Kyle Collins,21,9,12,ylewis@example.com
Sara Scott,21,7,14,shelley11@example.net
Catherine Wilson,21,9,12,matthewscheryl@example.org
Julie Lopez,21,15,6,eatonwendy@example.com
Martin Long,21,4,17,donna84@example.com
Carla Powers,21,11,10,janetcampbell@example.org
Kerry Chen,21,9,12,julieburke@example.org
Justin Snyder,21,15,6,npeters@example.com
Carla Howard,21,15,6,morrisstephanie@example.org
Roger Nelson,21,12,9,whitney56@example.com
Jennifer King,21,10,11,udavis@example.org
Nicole Armstrong,21,9,12,keith37@example.net
Lindsay Roberts,21,12,9,wjimenez@example.net
Charles Huerta,21,11,10,pcochran@example.net
John Collins,21,12,9,dnolan@example.org
Nathan Berry,21,8,13,hflowers@example.com
Kathryn Moon,21,11,10,tracy84@example.com
Linda Waters,21,12,9,christopherhampton@example.net
Todd Kim,21,11,10,jimmygibson@example.com
Justin Little,21,12,9,james82@example.org
Mary Allen,21,9,12,wkennedy@example.com
Nancy Garcia,21,13,8,jessica07@example.com
Jeffrey Green,21,13,8,kimberly15@example.org
Travis Baird,21,9,12,elizabethhall@example.org
Patrick Thompson,21,12,9,ernest52@example.org
Brittany Dickerson,21,9,12,jrich@example.net
Mary Gilbert,21,13,8,hillheather@example.org
George Simon,21,12,9,obrooks@example.com
Marcia Nash,21,6,15,zmartin@example.com
Julie Wallace,21,11,10,paulayoung@example.net
James Alvarado,21,9,12,nicholasglover@example.com
Mario Williams,21,10,11,christopherwright@example.net
Paul Harris,21,8,13,teresathomas@example.net
Joshua Mitchell,21,12,9,anthonyanderson@example.com
Melvin Oneill,21,7,14,melissa78@example.org
Michael Lopez,21,11,10,jacob56@example.org
Michelle Smith,21,6,15,kingmeghan@example.net
Randy Chan,21,10,11,dale70@example.net
Kimberly Cohen,21,11,10,audrey29@example.com
Dana Thomas,21,7,14,brittany26@example.net
Sandra Rodriguez,21,6,15,jonathanknapp@example.com
Robert Williamson,22,14,8,megan55@example.net
Katie Cohen,22,10,12,brandy37@example.com
Renee Dudley,22,12,10,robertsonjordan@example.com
Kimberly Martin,22,13,9,waltertanner@example.net
Rachel Weber,22,6,16,nmurphy@example.org
Jessica Fox,22,11,11,katherine28@example.org
Mrs. Chelsea,22,10,12,thomasolsen@example.com
Joshua Joyce,22,9,13,philip18@example.com
Dr. Luis,22,14,8,fgill@example.org
Robert Williams,22,9,13,andrewpreston@example.org
Amanda Navarro,22,9,13,martinezcatherine@example.net
Christopher Graham,22,15,7,ramirezkathleen@example.org
David Keller,22,10,12,martin04@example.net
Ann Greene,22,10,12,ihayes@example.net
Randy Schwartz,22,11,11,diazernest@example.org
Jacob Woodard,22,9,13,andrea47@example.net
Sherri Caldwell,22,6,16,kimberlybuchanan@example.com
Dawn Gray,22,9,13,johnathan74@example.net
Maria Fleming,22,10,12,bbennett@example.com
Scott Johnson,22,12,10,kyle06@example.com
Lori Nielsen,22,10,12,wjohnston@example.net
Pamela Hunt,22,15,7,scottpaula@example.org
Ann Flores,22,14,8,nhartman@example.org
Mr. Joseph,22,11,11,pharris@example.org
Kathryn Jackson,22,9,13,zachary14@example.com
Donald Sanchez,22,8,14,lesliemorales@example.net
Jesse Donaldson,22,12,10,williamschroeder@example.net
Aaron Case,22,11,11,lmccall@example.com
Joshua Wilson,22,8,14,johnodonnell@example.com
Joyce Garrett,22,12,10,townsendlauren@example.net
Vincent Campbell,22,11,11,jenniferhernandez@example.net
David Lam,22,7,15,bschmitt@example.com
Jason Barry,22,13,9,derrick87@example.net
Zachary Mitchell,22,9,13,kristina28@example.org
April Sharp,22,13,9,ramosvirginia@example.com
Elizabeth Perry,22,7,15,justinwalters@example.org
Tanya Mcdonald,22,15,7,kellywalsh@example.com
Kelly Rodriguez,22,6,16,olsonmatthew@example.org
Robert Branch,22,9,13,cynthia95@example.com
Lindsey Parker,22,10,12,dennis79@example.net
Thomas Vasquez,22,12,10,dchristian@example.com
Steven Martin,22,14,8,charles29@example.com
Jake Gonzalez,22,12,10,aelliott@example.org
John Owens,22,9,13,ashley69@example.org
Jordan Conner,22,11,11,michaelsmith@example.com
Maria Ellis,22,12,10,justin39@example.com
Christopher Williams,22,15,7,mitchellsarah@example.net
Shelia Oconnell,22,12,10,carolynpeck@example.com
Logan Ford,22,8,14,simmonsmallory@example.net
Paul Elliott,22,13,9,darrencraig@example.org
Todd Stewart,22,9,13,alisonjohnson@example.net
Steven Stewart,22,11,11,ujones@example.net
Jeffrey Larsen,22,16,6,deborahnelson@example.com
Lori Day,22,12,10,shellyburke@example.org
Norma White,22,11,11,justin45@example.org
Paul Molina,22,12,10,john30@example.com
Kyle Moses,22,11,11,jbonilla@example.net
Sherry Payne,22,10,12,dawn13@example.net
Tracy Sullivan,22,10,12,mitchellkim@example.net
Taylor Arnold,22,9,13,arellanodonna@example.org
Jake Gonzalez,22,12,10,aelliott@example.org
Jennifer Lynch,22,14,8,hector26@example.org
Barry Padilla,22,8,14,steingabriela@example.org
Daniel Thomas,22,12,10,millskevin@example.com
Whitney Ramos,22,12,10,alawrence@example.net
David Maldonado,22,9,13,ywest@example.net
Matthew Hatfield,22,5,17,parsonsjoseph@example.com
Maria Ellis,22,12,10,justin39@example.com
Tammy Taylor,22,13,9,jasongonzalez@example.org
Matthew Hatfield,22,5,17,parsonsjoseph@example.com
John Doyle,22,10,12,zgillespie@example.net
Sophia Marquez,22,10,12,tuckerchristian@example.net
Matthew Hughes,22,12,10,hannadaniel@example.com
Michael Conley,22,12,10,jane71@example.com
William Murray,22,9,13,timothy26@example.org
Michael Vega,22,12,10,richardjones@example.org
Karen Montgomery,22,11,11,ellengonzales@example.com
Evan Miller,22,13,9,reginasimmons@example.com
Charles Rose,22,14,8,keith50@example.net
Christopher Graham,22,15,7,ramirezkathleen@example.org
Mallory Taylor,22,13,9,spencer30@example.com
Jeffrey Pacheco,22,8,14,drussell@example.org
Madison Herrera,22,8,14,anita77@example.net
Jason Ford,22,16,6,irandolph@example.org
Tanner Walker,22,10,12,vmyers@example.net
Zachary Mcguire,22,12,10,riley89@example.net
Chelsea Webster,22,15,7,jamesschneider@example.com
Taylor Garcia,22,10,12,carlsonangel@example.com
Dr. Andrew,22,15,7,webbrachel@example.org
Angel Freeman,22,10,12,kgarcia@example.net
Christopher Osborne,22,11,11,vaughandevin@example.net
Mary Woods,22,12,10,johnsondawn@example.com
Molly Ross,22,13,9,tayloranthony@example.com
Karen Gilmore,22,10,12,edward74@example.com
Edward Brown,22,12,10,hchavez@example.com
Michael Guzman,22,11,11,gutierrezjames@example.com
Karen Montgomery,22,11,11,ellengonzales@example.com
Lisa Nicholson,22,9,13,jonathan22@example.com
Caleb Martin,22,13,9,dmacdonald@example.net
Debra Jordan,22,13,9,michaelbrown@example.org
Robert Baker,22,12,10,dawn63@example.net
Christopher Graham,22,15,7,ramirezkathleen@example.org
Richard Morris,22,7,15,jefferymckee@example.com
Charles Herrera,22,11,11,johnsonbethany@example.com
Gabriel Gonzales,22,9,13,xwhite@example.net
John Mcclure,22,11,11,msloan@example.com
Amber Wright,22,13,9,bhughes@example.org
Kristen Thomas,22,10,12,mary53@example.com
Eric Romero,22,14,8,zchambers@example.org
Jason Garcia,22,10,12,robin56@example.com
Richard Espinoza,22,16,6,michael36@example.com
Karen Mcdonald,22,15,7,luceroholly@example.com
Christina Casey,22,10,12,kingbarbara@example.com
Richard Terry,22,11,11,butlerbeth@example.net
Robert Cox,22,10,12,brownandrea@example.org
Audrey Benjamin,22,12,10,jasonadams@example.org
Melissa Hall,22,10,12,taylor72@example.net
Scott Stephenson,22,10,12,cynthia78@example.net
Joshua Joyce,22,9,13,philip18@example.com
Joshua Perez,22,6,16,joshua05@example.net
Lisa Beck,22,12,10,uavila@example.com
Matthew Ray,22,6,16,sullivanstacey@example.com
Jordan Rivera,22,13,9,xrogers@example.org
Lindsay Bond,22,13,9,barkermelissa@example.com
Mary Pitts,22,11,11,nicolesmith@example.com
Catherine Garrison,22,10,12,brandydonaldson@example.net
Steven Griffin,22,15,7,hernandezamy@example.com
Roger Mclean,22,7,15,nrogers@example.com
Shawn Hendrix,22,14,8,marksaunders@example.com
Brittany Gray,22,14,8,mary19@example.net
Michael Curry,22,13,9,grimesmatthew@example.org
Francisco Lloyd,22,10,12,rogerscynthia@example.net
Heather Clark,22,6,16,jamesjackson@example.com
Johnny Woods,22,11,11,hdouglas@example.com
Joshua Joyce,22,9,13,philip18@example.com
Victoria Sherman,22,15,7,keith55@example.com
Anthony Russell,22,8,14,ttrujillo@example.net
Richard Palmer,22,11,11,jacob64@example.org
Madison Stewart,22,15,7,debra26@example.org
Vanessa Harris,22,15,7,travis38@example.net
Kristi Hill,22,12,10,jeremylambert@example.net
Barbara Graham,22,9,13,andrea82@example.com
Frederick Hill,22,11,11,briangarcia@example.com
Jennifer Camacho,22,14,8,alexander90@example.com
Susan Carr,22,14,8,andrea73@example.net
Zachary Edwards,22,10,12,melindastephens@example.org
Raymond Rosales,22,13,9,uhardin@example.org
James Norris,22,9,13,barnesjamie@example.com
Rachel Jackson,22,10,12,eugenegreen@example.com
Jared Clark,22,12,10,dylanhill@example.org
Benjamin Miller,22,11,11,bsharp@example.com
Laura Stokes,22,14,8,marygutierrez@example.org
Sharon Schneider,22,13,9,swilson@example.com
Andrew Ford,22,17,5,ltapia@example.net
Virginia Harrington,22,13,9,pam32@example.com
Matthew Zavala,22,8,14,mcdanieldeborah@example.com
Nicholas Jennings,22,9,13,kylethomas@example.com
Javier Frazier,22,11,11,kmorgan@example.com
Brandi Jones,22,15,7,teresa40@example.com
Sherry Rodriguez,22,12,10,smithelizabeth@example.net
Gina Lopez,22,11,11,qramirez@example.com
Jessica Fox,22,11,11,katherine28@example.org
Pamela Thompson,22,7,15,gary90@example.net
Luis Miles,22,14,8,traviswelch@example.com
Kristy Murphy,22,14,8,uhunter@example.com
Matthew Bailey,22,9,13,david21@example.com
Anthony Banks,22,12,10,pfernandez@example.org
Susan Carr,22,14,8,andrea73@example.net
Joshua Becker,22,11,11,charlottehenderson@example.com
Brian Barry,22,8,14,brownanthony@example.org
Monica Huber,22,13,9,melissawest@example.com
Jeffery Serrano,22,13,9,ogutierrez@example.com
Pamela Spencer,22,9,13,gregory41@example.com
Seth Lambert,22,8,14,amy07@example.org
Robert Williamson,22,14,8,megan55@example.net
Vanessa Harris,22,15,7,travis38@example.net
Kristi Hill,22,12,10,jeremylambert@example.net
Susan Campos,22,13,9,daniel32@example.org
Susan Wilson,23,10,13,ylopez@example.com
Mrs. Elizabeth,23,12,11,cody77@example.net
Jennifer Garcia,23,16,7,ivargas@example.net
Robert Cook,23,13,10,debramiller@example.com
Michael Andrews,23,14,9,bradleyjustin@example.org
Rachael Johnson,23,14,9,amcclure@example.net
Linda French,23,9,14,rogergray@example.net
Karen Clay,23,16,7,nwatkins@example.com
Sierra Strickland,23,9,14,derekmerritt@example.org
Martin Barnes,23,10,13,daniel93@example.org
Kelly Richards,23,16,7,ryanbarnes@example.org
Miranda Parker,23,10,13,qyoung@example.net
Jesse Rodriguez,23,12,11,carollong@example.org
Maria Medina,23,12,11,stephen56@example.com
Julie Fields,23,10,13,sara32@example.net
Rachael Johnson,23,14,9,amcclure@example.net
Amanda Fernandez,23,12,11,bakerallen@example.org
Pamela Brown,23,7,16,smithdaniel@example.org
Sarah Owen,23,10,13,riggsjohn@example.org
Katie Williams,23,9,14,antonio68@example.net
Bonnie Friedman,23,17,6,brittney26@example.org
Susan White,23,12,11,jasmineturner@example.com
Shane Nunez,23,8,15,richard41@example.com
Victor Hawkins,23,14,9,kfitzgerald@example.net
Elizabeth Charles,23,11,12,estradacheryl@example.net
Kaitlin Cowan,23,11,12,cherylflores@example.net
James Perez,23,7,16,maria12@example.org
Dana Peterson,23,14,9,andrew68@example.org
Donald Snyder,23,11,12,twright@example.com
Stephanie Barrett,23,15,8,stevenssarah@example.net
Ronald Jones,23,14,9,harrisonmadison@example.com
Lisa Myers,23,9,14,stokestracy@example.org
Kara Tyler,23,9,14,evelyngonzalez@example.org
Jeanette Delgado,23,12,11,mjackson@example.net
Michele Stevenson,23,7,16,oskinner@example.com
Jason Castro,23,9,14,michaelhowe@example.com
Melanie Johnson,23,9,14,lisa54@example.net
Michael Moore,23,9,14,xjones@example.org
Andrea Harvey,23,16,7,leenatalie@example.com
Paul Harmon,23,12,11,josephrosales@example.org
Joseph Barrett,23,11,12,bakeralbert@example.net
Roger Ritter,23,12,11,melissa63@example.net
Ms. Lisa,23,10,13,uwright@example.com
Bruce Moreno,23,12,11,matthewmaddox@example.com
Angela Diaz,23,16,7,brownkristy@example.net
Ryan Cox,23,10,13,dukerichard@example.com
Ryan Kelly,23,13,10,jwalker@example.org
Alan Morrison,23,12,11,lauren62@example.org
Holly Clark,23,12,11,ericschultz@example.org
Kevin Jenkins,23,12,11,vcollier@example.net
Jessica Watson,23,8,15,yanderson@example.net
Benjamin Taylor,23,10,13,kaitlynjones@example.org
Seth Mitchell,23,11,12,owensbruce@example.org
Catherine Mack,23,13,10,thomassullivan@example.org
Jennifer Campbell,23,12,11,vanessa28@example.com
William Patton,23,13,10,bguerra@example.net
Miranda Williams,23,15,8,nicole91@example.net
Christopher Diaz,23,13,10,marcus16@example.com
Zachary Mullen,23,9,14,justinperez@example.org
Kyle Bentley,23,14,9,katelyncox@example.org
Christopher Gonzalez,23,10,13,emily76@example.com
Anthony Johnson,23,18,5,anthony19@example.org
Lori Rodriguez,23,12,11,amitchell@example.net
Brenda Burton,23,10,13,mhobbs@example.com
Walter Mclean,23,10,13,bjohnson@example.net
Sandra Molina,23,11,12,miranda65@example.org
Carla Merritt,23,15,8,lisasmith@example.net
Benjamin Maynard,23,12,11,jmitchell@example.net
James Cisneros,23,14,9,ojohnson@example.org
Joshua Simmons,23,8,15,brockkristen@example.net
Anna Kerr,23,10,13,moraryan@example.net
Ashley Strickland,23,8,15,kristinasmith@example.com
Alyssa Martinez,23,12,11,xtaylor@example.org
Phyllis Perez,23,14,9,amyballard@example.com
Jonathan Graham,23,9,14,bsmith@example.org
Wendy Butler,23,10,13,williamnelson@example.com
James Cox,23,14,9,michelle60@example.net
Beth Butler,23,12,11,keithhayes@example.org
Hannah Guerrero,23,17,6,carla13@example.org
Joshua James,23,13,10,langcorey@example.org
Michael Cruz,23,13,10,jeffreymarquez@example.com
Hayley Duncan,23,14,9,braunsandra@example.com
Jessica Garrison,23,15,8,roywilliams@example.net
James Murray,23,15,8,nathanielbauer@example.com
Samantha Smith,23,12,11,zbrown@example.org
Darryl Phillips,23,13,10,garciasamantha@example.net
Mark Lloyd,23,11,12,richard58@example.org
Leah Martinez,23,15,8,elizabeth96@example.net
Daniel Madden,23,12,11,travisspears@example.net
Robert Pope,23,9,14,qbailey@example.org
Brianna Parker,23,13,10,lynn40@example.net
Grant Harris,23,14,9,lawrencemichael@example.net
Dr. Anthony,23,16,7,ksmith@example.org
Angela White,23,10,13,david89@example.net
Seth Mitchell,23,11,12,owensbruce@example.org
Misty Cox,23,15,8,simmonsjackson@example.net
Stephanie Spencer,23,9,14,webbtiffany@example.org
Jason Harris,23,13,10,wtaylor@example.com
Jody Washington,23,12,11,mcdanielkimberly@example.org
Barbara Oconnell,23,14,9,cunninghamsherri@example.com
Justin White,23,12,11,kdawson@example.com
Vanessa Porter,23,12,11,tparker@example.org
Omar Cummings,23,9,14,georgecorey@example.org
Teresa Chambers,23,17,6,sarahjohnston@example.net
Dr. Raven,23,13,10,lucasanne@example.org
Jessica Smith,23,12,11,jeremyrichardson@example.net
Brittany Foster,23,16,7,scottroberts@example.net
Christina Johnson,23,12,11,zharvey@example.net
Catherine Mack,23,13,10,thomassullivan@example.org
Paul Jackson,23,10,13,felliott@example.net
Philip Smith,23,10,13,abigailrobinson@example.org
Amy Taylor,23,7,16,cynthiaschmidt@example.org
Jamie Hicks,23,13,10,chaveztara@example.net
Christie Larson,23,12,11,michelleortega@example.org
Kevin Reed,23,12,11,reneedowns@example.net
Timothy Burgess,23,9,14,katherinefleming@example.com
Jacob Anderson,23,11,12,rodriguezdavid@example.net
William Wright,23,10,13,james80@example.net
Michelle Johnson,23,14,9,jose01@example.net
Valerie Hill,23,9,14,rkelly@example.net
Barbara Solomon,23,9,14,jessica69@example.org
Jacob Mcclure,23,9,14,sara77@example.org
Louis Chavez,23,10,13,phill@example.com
Mrs. Sharon,23,16,7,guzmanjessica@example.com
Ashley Larson,23,15,8,deborahcole@example.org
David Massey,23,10,13,chapmanseth@example.com
Rebecca Thomas,23,11,12,wanda92@example.com
Nicole Young,23,10,13,felicia16@example.org
Kara Tyler,23,9,14,evelyngonzalez@example.org
David Perez,23,11,12,jaredray@example.net
Betty Soto,23,7,16,vernonyoung@example.com
David Campbell,23,13,10,karen25@example.org
Shawn Wheeler,23,13,10,tonyacastillo@example.org
Jason Carpenter,23,11,12,reyesbrittany@example.com
Mary White,23,11,12,gregorynelson@example.net
Tracy Pratt,23,15,8,christina11@example.net
Michelle Vasquez,23,8,15,lopezjustin@example.com
Joel Castaneda,23,12,11,kathleen44@example.net
Michael Smith,24,13,11,jefftaylor@example.net
Daniel Williams,24,12,12,hortonjeffrey@example.org
Deborah Lewis,24,9,15,thompsonsherry@example.com
John Nguyen,24,11,13,harrisnatasha@example.org
Michael Hunter,24,11,13,cassandra39@example.net
Kevin Burton,24,17,7,samueljohnson@example.net
Charles Jones,24,10,14,robertsthomas@example.com
John Nguyen,24,11,13,harrisnatasha@example.org
Jonathan Long,24,9,15,melissa04@example.org
Robert Young,24,10,14,bnavarro@example.com
Julie Wallace,24,11,13,vthompson@example.com
Stephen Richardson,24,11,13,vjohnson@example.com
Charles Harvey,24,17,7,aprilbates@example.com
James Young,24,18,6,patriciahernandez@example.com
Oscar Black,24,13,11,christophersalazar@example.net
Jared Larson,24,13,11,morenoarthur@example.net
Kimberly Finley,24,10,14,hleon@example.org
Sydney Booth,24,10,14,ericbush@example.org
Brent Bradley,24,14,10,pricekerry@example.org
Brittany Lee,24,9,15,zleonard@example.com
Jimmy Smith,24,9,15,ufreeman@example.org
Scott White,24,13,11,brookekidd@example.org
Elizabeth Nunez,24,15,9,callahantimothy@example.com
Sydney Reyes,24,14,10,portermonique@example.net
Renee Reid,24,12,12,zachary90@example.net
Daniel Hall,24,8,16,barberjennifer@example.com
Mr. Charles,24,14,10,gracewarner@example.net
Jose Gardner,24,10,14,cooperchelsea@example.com
Scott Simpson,24,10,14,parksryan@example.net
Cynthia Pena,24,11,13,kbeck@example.net
Kristin Walsh,24,10,14,marcus23@example.net
Robin Ortega,24,11,13,martinchristopher@example.org
Devon Hall,24,10,14,joannekelly@example.net
Katelyn Guerrero,24,12,12,jameskimberly@example.com
Casey Yang,24,10,14,kenneth44@example.org
Deborah Lewis,24,9,15,thompsonsherry@example.com
Shelley Smith,24,10,14,deannahorn@example.net
David Evans,24,13,11,amanda90@example.net
Jacob Hodges,24,15,9,jessicalopez@example.net
Patrick Anderson,24,14,10,vickicortez@example.com
Clinton Johnson,24,9,15,ccoleman@example.org
Joseph Reyes,24,8,16,webertina@example.net
Steven Hooper,24,10,14,jharmon@example.com
Tracey Cox,24,12,12,fmoody@example.com
John Nguyen,24,11,13,harrisnatasha@example.org
Amy Gentry,24,14,10,paul38@example.com
Victoria Bell,24,14,10,agonzalez@example.net
Marissa Kim,24,12,12,shane26@example.com
Harry Scott,24,14,10,richardjohnson@example.org
Melissa Bridges,24,11,13,smccarthy@example.org
Sarah Adams,24,10,14,rojassteven@example.net
John White,24,10,14,jennifer38@example.net
Beth Wilson,24,14,10,melanierobinson@example.org
Linda Vazquez,24,15,9,pcastaneda@example.net
Michael Mitchell,24,12,12,gwest@example.net
Laura Olson,24,13,11,fordbrenda@example.net
Adrienne Lane,24,10,14,melissahumphrey@example.net
Ricardo Austin,24,16,8,ajohnson@example.net
Tony Bailey,24,15,9,cheryl62@example.org
Melissa Reid,24,8,16,kimberlydawson@example.com
Joseph King,24,11,13,whitney94@example.net
Emily Lewis,24,11,13,rreeves@example.net
Laura Roman,24,11,13,gcarroll@example.net
Susan Jones,24,13,11,heatherfox@example.org
Alexandra Stephenson,24,13,11,walterserica@example.org
Scott Bird,24,14,10,gerald30@example.net
Taylor Rojas,24,14,10,lawrencepamela@example.org
Angela Wyatt,24,9,15,adamwells@example.org
Susan Keller,24,14,10,abrown@example.org
Robert Mays,24,8,16,uharris@example.net
Maria Moore,24,12,12,blawrence@example.org
Zachary Donovan,24,9,15,carlsoncatherine@example.net
Tara Roach,24,12,12,jonathanwright@example.net
Lance Torres,24,8,16,bhall@example.com
Connie Welch,24,9,15,allison91@example.com
John Huber,24,13,11,whitekenneth@example.net
Anna Meyers,24,16,8,taylor46@example.org
Bridget Clark,24,14,10,margaret61@example.org
Karen Allen,24,11,13,yfields@example.com
John Joseph,24,11,13,gbell@example.net
Brian Dunn,24,11,13,moorejeremy@example.org
Eric Mills,24,11,13,michaelandrews@example.org
Nicholas Payne,24,12,12,ldouglas@example.org
Jose Terry,24,12,12,wilsonrichard@example.net
Zachary Donovan,24,9,15,carlsoncatherine@example.net
Courtney Gross,24,15,9,torreschristopher@example.org
Ernest Fitzgerald,24,13,11,jennifer48@example.net
Savannah Wilson,24,13,11,casey46@example.org
Crystal Sanders,24,15,9,kevin61@example.org
Casey Harris,24,14,10,meyersgina@example.com
Linda Jones,24,16,8,theodore30@example.net
Travis Webb,24,10,14,valerieali@example.net
Robin Briggs,24,14,10,dshannon@example.org
Ashlee Scott,24,11,13,dennis15@example.org
Sara Weiss,24,9,15,hurstdennis@example.org
Jeanette Ford,24,10,14,jessicabrooks@example.org
Connie Miller,24,9,15,cnguyen@example.net
Elizabeth Moore,24,10,14,adamlynch@example.net
Brian Hutchinson,24,16,8,woodsrebecca@example.com
Jose Terry,24,12,12,wilsonrichard@example.net
Jimmy Ellis,24,4,20,silvajames@example.net
Connor Gray,24,13,11,carolyncarey@example.org
Jaime Cooper,24,14,10,aanderson@example.com
James Stevens,24,14,10,michael68@example.org
Jacob Taylor,24,10,14,smithjeffrey@example.com
Frederick Hernandez,24,12,12,ronald83@example.com
Jason Brown,24,15,9,vblack@example.org
Michael Rowe,24,11,13,ronniebranch@example.net
Keith Hill,24,14,10,ygriffin@example.com
Karen Carpenter,24,10,14,petersonjeffrey@example.org
Ashley Cohen,24,12,12,keith25@example.org
Rachel Webb,24,11,13,grantjohnson@example.org
Jacqueline Campbell,25,15,10,ecabrera@example.com
Timothy Wilson,25,10,15,llane@example.net
Heather Gonzalez,25,14,11,phamilton@example.org
Caleb Rich,25,14,11,rbaker@example.net
Regina Hernandez,25,10,15,gatesalison@example.org
Katherine Dean,25,12,13,garciachristina@example.org
Vanessa Anderson,25,13,12,leegarcia@example.com
Ryan Edwards,25,16,9,hperez@example.net
Tina Bridges,25,15,10,kcox@example.org
Thomas Baker,25,16,9,thomas88@example.net
Sarah Soto,25,12,13,smithadam@example.net
Bradley Armstrong,25,14,11,cisnerosjohn@example.net
Rachel Larson,25,14,11,michael72@example.net
Jacob Jimenez,25,6,19,thomascarrie@example.net
Samantha Donaldson,25,9,16,rmiller@example.com
Patrick Rodriguez,25,15,10,vbrown@example.org
Ruth Atkinson,25,11,14,jimmy45@example.net
Amber Alvarez,25,13,12,susan67@example.net
Todd Hernandez,25,11,14,brandonwilliams@example.com
Amanda Terry,25,17,8,westrada@example.net
Jacob Phillips,25,17,8,austindavis@example.org
Angela Durham,25,12,13,matthewnewton@example.com
Heather Brooks,25,6,19,gouldchad@example.org
Roy Colon,25,14,11,emma58@example.net
Brianna Marshall,25,14,11,ssmith@example.org
Janet Morton,25,16,9,dawncooper@example.net
April Boyd,25,10,15,vjohnston@example.com
Julia Stewart,25,12,13,mhughes@example.net
Leslie Mejia,25,16,9,meganmcguire@example.net
Christopher Gray,25,14,11,nicolevaughn@example.org
Mario Calhoun,25,7,18,matthewdawson@example.com
Tabitha Cannon,25,11,14,xalvarez@example.com
Crystal Miller,25,12,13,navarrojason@example.org
Jason Grimes,25,8,17,afreeman@example.org
George Austin,25,10,15,jenniferbyrd@example.com
Raymond Watson,25,9,16,stephen93@example.net
Caleb Rich,25,14,11,rbaker@example.net
Jonathan Moore,25,9,16,duanecox@example.net
Keith Rogers,25,14,11,andrew30@example.com
Emily Acosta,25,12,13,hullchristina@example.net
Teresa Williams,25,15,10,codycarter@example.org
Teresa Williams,25,15,10,codycarter@example.org
Harold Davis,25,10,15,ydiaz@example.com
Stephanie Thompson,25,13,12,bscott@example.net
Ashley Williams,25,16,9,chavezcrystal@example.org
Kevin Orr,25,15,10,jorgebutler@example.net
Mike Stevens,25,13,12,kenneth94@example.org
Michael Salinas,25,10,15,david11@example.com
Lauren Bishop,25,14,11,benjamin97@example.org
Ashley Martin,25,16,9,mmartinez@example.org
Nathan Woods,25,13,12,mpowell@example.net
Ashley Maldonado,25,18,7,laurenperry@example.org
Tammy Baird,25,10,15,isparks@example.net
Jacqueline Patton,25,11,14,ewalsh@example.com
Brianna Marshall,25,14,11,ssmith@example.org
Elizabeth Lester,25,14,11,timothy25@example.com
Robert Harris,25,8,17,jpowell@example.com
Lori Butler,25,12,13,thomas09@example.com
Tracy Smith,25,15,10,jenniferwilliams@example.net
Michael Berry,25,10,15,teresa59@example.com
Tasha Aguilar,25,15,10,kenneth01@example.org
Darren Harper,25,15,10,dale35@example.net
Robert Collins,25,16,9,yvaughn@example.org
Kayla Stephenson,25,11,14,dianenelson@example.net
Willie Lutz,25,15,10,bjacobson@example.com
Ashley Macdonald,25,13,12,uharris@example.net
Tyler Sloan,25,11,14,hrivera@example.net
Dawn Middleton,25,13,12,knightstephanie@example.com
Morgan Watson,25,17,8,charleswilson@example.net
Daniel Griffith,25,14,11,harrischarles@example.org
Natalie Boyer,25,12,13,kathy33@example.net
Michael Burke,25,13,12,stoneangela@example.net
Angela Wilson,25,15,10,georgedavenport@example.org
Charles Harrison,25,12,13,johnsonjon@example.org
Larry Patterson,25,15,10,medinaashlee@example.net
Andrew Cook,25,13,12,mcdonaldrichard@example.org
Sarah Smith,25,12,13,bturner@example.net
Ethan Rice,25,10,15,michael46@example.com
Alan Blanchard,25,14,11,joserodriguez@example.net
Brian Donovan,25,15,10,douglas69@example.net
Stacy Bennett,25,10,15,ogray@example.org
Devin Spence,25,14,11,douglasashley@example.org
Angel Wood,25,14,11,jefferyhoover@example.net
Carmen Brown,25,15,10,joseferguson@example.org
Timothy Anderson,25,13,12,anthonyadams@example.net
Chris Martin,25,19,6,zalvarado@example.net
Melissa Pitts,25,13,12,okim@example.org
Joseph Reyes,25,10,15,brownelizabeth@example.org
David Sandoval,25,12,13,anthonyhill@example.net
Nathan Woods,25,13,12,mpowell@example.net
Jamie Rowland,25,13,12,eortiz@example.com
David Lopez,25,13,12,carolmccoy@example.net
Ashley Nichols,25,10,15,friedmanemily@example.com
Peggy Smith,25,13,12,whitemaria@example.org
Tracey Baker,25,16,9,megan08@example.org
Michael Flores,25,13,12,sharris@example.com
Danny Olson,25,10,15,donnabarber@example.com
Jessica Flynn,25,12,13,shieldsangela@example.org
Mary Sutton,25,17,8,susandavis@example.com
Cory Moore,25,16,9,weavermegan@example.com
Vanessa Cruz,25,13,12,stanleybrandi@example.net
Tanner Buchanan,25,9,16,phanson@example.com
Michelle Carter,25,12,13,loweryan@example.net
Sandra Weiss,25,16,9,turnerjoseph@example.com
Donna Brown,25,9,16,qgray@example.net
Rodney Wiley,25,13,12,katherine95@example.com
Amanda Bonilla,25,14,11,egibson@example.net
Tyler Camacho,25,18,7,alec08@example.com
Brian Mcpherson,25,12,13,luiswalters@example.net
Patrick Martin,25,16,9,swatson@example.net
Paul Olson,26,12,14,jakeromero@example.com
Jaime Gaines,26,17,9,jennifer13@example.net
Thomas Smith,26,16,10,butlersteven@example.com
Katherine Armstrong,26,12,14,mgriffin@example.net
Janet Diaz,26,13,13,pwilliams@example.net
Melanie Curtis,26,13,13,jessicaholloway@example.net
Wesley Hull,26,15,11,sandovalgeorge@example.com
Heather Walter,26,13,13,wanda40@example.net
Samuel Perez,26,13,13,danielle22@example.net
Christian Smith,26,9,17,tiffany44@example.com
Amy Stone,26,12,14,mberg@example.net
Jessica Wheeler,26,16,10,webbmark@example.com
Amy Alexander,26,14,12,tara57@example.org
Sarah Hines,26,11,15,claymatthew@example.org
Joann Guerrero,26,13,13,fgrant@example.com
Brandon King,26,12,14,parksbrittany@example.org
Philip Mccormick,26,13,13,richard99@example.org
Robin Sanders,26,16,10,edavenport@example.com
Kevin Villa,26,8,18,dave79@example.org
John Alvarez,26,14,12,joshuarivers@example.net
Eric Martinez,26,15,11,mgraham@example.org
Christopher Middleton,26,11,15,michele45@example.org
Michael Owens,26,11,15,jeanclayton@example.com
Mary Collins,26,15,11,qrangel@example.com
Timothy Ramirez,26,16,10,ewilson@example.net
Steven Edwards,26,12,14,jhunter@example.org
Mr. Tony,26,13,13,robert16@example.org
Victoria Turner,26,15,11,crystaledwards@example.net
Carl Ward,26,9,17,aguirreeric@example.net
Kristen Hansen,26,13,13,jasmine79@example.com
Katherine Hernandez,26,17,9,townsendamy@example.com
Natalie Rodriguez,26,14,12,robert57@example.org
Theresa Sharp,26,15,11,drios@example.com
Jerry George,26,15,11,dannyshields@example.org
Shannon Brooks,26,14,12,ocuevas@example.org
Oscar Fuentes,26,13,13,martinezjoel@example.org
Diane Doyle,26,16,10,armstrongalexander@example.org
Michael Yu,26,12,14,thomascolleen@example.net
Cory Brown,26,14,12,ganderson@example.org
Sherry Spencer,26,13,13,elizabethlee@example.org
Holly Riddle,26,12,14,hayesjeffrey@example.net
Lisa Nichols,26,15,11,eharmon@example.com
Kimberly Frazier,26,11,15,jwinters@example.org
Autumn Taylor,26,16,10,jamesbarry@example.net
Paul Young,26,8,18,zgarcia@example.org
Christopher White,26,16,10,stephanieunderwood@example.com
Dawn Ortiz,26,18,8,pbrooks@example.org
Mackenzie Chen,26,14,12,christensenkevin@example.net
Jacob Harrison,26,12,14,tsimpson@example.org
Luke Williams,26,15,11,emily86@example.com
Danny Johnson,26,14,12,nelsonmelissa@example.org
Angel Johnson,26,11,15,cgarcia@example.com
Mary Collins,26,15,11,qrangel@example.com
George Abbott,26,14,12,ksmith@example.com
Kara Martinez,26,14,12,katelynwilliams@example.org
Justin Ward,26,16,10,alexanderanna@example.com
William Norton,26,13,13,rodriguezlori@example.com
Michael Willis,26,8,18,obailey@example.org
Erik Mendez,26,12,14,kristin27@example.org
Ralph Robles,26,10,16,lesterdamon@example.org
Robert Burke,26,11,15,wendyevans@example.net
Mr. Tony,26,13,13,robert16@example.org
Lynn Freeman,26,11,15,huberpaul@example.com
Tanya Johnston,26,11,15,piercerichard@example.com
Jeffrey Burns,26,15,11,tiffany28@example.org
Lance Lopez,26,12,14,kevin36@example.org
Joseph Blackburn,26,16,10,annagarcia@example.com
Ryan Brown,26,13,13,yroberts@example.org
Joshua Ponce,26,16,10,catherinelopez@example.com
John Martinez,26,16,10,charleslogan@example.org
Joshua Reed,26,11,15,weaverteresa@example.org
Robert Snow,26,15,11,angelawest@example.com
Alyssa Allen,26,12,14,cnunez@example.com
Rebecca Baldwin,26,11,15,stephenhaley@example.com
Holly Allen,26,15,11,davidyoung@example.org
Kevin Holloway,26,16,10,kennethramirez@example.com
Kimberly Carlson,26,11,15,ebrewer@example.org
Amber Briggs,26,15,11,burnsjeffrey@example.com
Barbara Diaz,27,13,14,emilylee@example.net
Krista Lee,27,12,15,deborah12@example.net
Douglas Ruiz,27,17,10,michelle69@example.net
Jonathan Delacruz,27,12,15,williamsjohn@example.org
Robert Porter,27,15,12,frederickflores@example.net
Peggy Rodriguez,27,16,11,coxtheresa@example.org
John James,27,14,13,mirandahannah@example.net
Lisa Taylor,27,11,16,howardbarr@example.net
Benjamin Edwards,27,15,12,clarkmichael@example.org
Gabriel Torres,27,12,15,herrerasteven@example.com
Mrs. Virginia,27,15,12,jasonglenn@example.com
Krista Lee,27,12,15,deborah12@example.net
Sarah Jackson,27,16,11,bakermindy@example.com
James Butler,27,12,15,cbrown@example.net
Corey Simmons,27,13,14,michael81@example.org
Jennifer Blanchard,27,13,14,vbrandt@example.org
Jacob Phillips,27,11,16,joshuamorris@example.com
Jonathan Lindsey,27,18,9,larry01@example.com
Lisa Lawson,27,15,12,hernandezaudrey@example.org
Christopher Mccoy,27,16,11,michaelbartlett@example.net
Thomas Pineda,27,14,13,jonathanhill@example.org
Jack Roach,27,16,11,tyler60@example.org
Charles Martinez,27,17,10,jacksonchristine@example.com
Emma Salazar,27,12,15,leslie95@example.org
Cheyenne Perkins,27,13,14,gomezstephanie@example.com
Patrick Johnson,27,13,14,christophersosa@example.org
Robert Cook,27,14,13,hnguyen@example.org
Amy Jennings,27,13,14,kelly51@example.net
Elizabeth Clark,27,13,14,randyturner@example.com
Jeremy Hill,27,13,14,melissawatson@example.net
David Murphy,27,16,11,dboyer@example.org
Christopher Rodriguez,27,13,14,jennifer98@example.net
Ryan Fields,27,14,13,gleon@example.org
Donna Orr,27,11,16,ryanhendricks@example.org
Ryan Rangel,27,12,15,dnolan@example.org
Debra Cruz,27,12,15,haroldschneider@example.org
Amanda Kim,27,14,13,jacob76@example.com
Kimberly Davis,27,19,8,amanda47@example.org
Danielle Murphy,27,14,13,qgolden@example.org
Laura Martin,27,13,14,bradley57@example.net
Brandon Kennedy,27,15,12,elizabeth00@example.com
Sarah Morris,27,10,17,stephanieallen@example.net
Shane Nunez,27,11,16,richard41@example.com
Amy Nelson,27,16,11,littlejoe@example.net
Grace Vance,27,17,10,jacksoneric@example.org
Samuel Hicks,27,15,12,carlsonmario@example.com
Jesse Martin,27,15,12,martinezangela@example.net
Kristin Cooper,27,9,18,joshua32@example.com
Brittney Mckay,27,12,15,whitebradley@example.com
Renee Reid,27,13,14,zachary90@example.net
Russell Lane,27,11,16,pcruz@example.net
Robert King,27,12,15,qadams@example.com
Carrie Stone,27,14,13,campbellgloria@example.org
Monica Miller,27,10,17,ronald48@example.net
Laura Martin,27,13,14,bradley57@example.net
Jessica White,28,11,17,michaelbarnes@example.net
Linda Best,28,14,14,imichael@example.org
Kathy Bailey,28,12,16,jennifer26@example.org
Oscar Richard,28,14,14,andreaibarra@example.com
Brian Shaffer,28,16,12,joshuasullivan@example.net
Charles Mason,28,15,13,nshields@example.net
Ronald Jackson,28,11,17,audreypowell@example.org
Jason Huerta,28,15,13,jennifer96@example.org
Melanie Davis,28,13,15,vbautista@example.org
Don Anderson,28,16,12,griffithjennifer@example.net
Derek Cantrell,28,17,11,brian25@example.net
Shelley Rhodes,28,13,15,johnsanders@example.org
Luke Wilson,28,19,9,bailey25@example.net
Christina Torres,28,19,9,newmantami@example.com
Larry Martinez,28,18,10,kristin13@example.org
Jacqueline Neal,28,21,7,anthonyperez@example.org
Michael Roth,28,10,18,justinevans@example.org
Peter Gonzalez,28,20,8,tonyporter@example.org
Megan Lee,28,15,13,justin69@example.org
Marc Martinez,28,19,9,cobbchristina@example.org
Jose Peters,28,17,11,campbellmichael@example.org
Leah Pace,28,13,15,kwilliams@example.com
Katelyn Parker,28,17,11,zreeves@example.net
Travis Miller,28,18,10,frank06@example.com
Kayla Huff,28,10,18,wyattlinda@example.org
Larry Martinez,28,18,10,kristin13@example.org
Lee Nguyen,28,16,12,richard54@example.com
Yvonne Sawyer,28,19,9,solomonmichelle@example.com
Isabella Boyd,28,13,15,jessica23@example.com
Carolyn Cook,28,14,14,elizabethsnyder@example.org
Ethan Perez,28,10,18,michael06@example.org
Tricia Jones,28,12,16,kimberly02@example.net
David Gonzales,28,14,14,haleyisabella@example.com
Brandi Jones,28,11,17,jason35@example.com
Whitney Riggs,28,15,13,clarkjoshua@example.net
Alicia Moyer,28,14,14,yarnold@example.net
Benjamin Banks,28,16,12,andrew60@example.net
Jesus Mcgee,28,9,19,ygarcia@example.com
Mark Pierce,28,12,16,agutierrez@example.com
Ethan Perez,28,10,18,michael06@example.org
Ethan Gonzalez,28,17,11,dgentry@example.com
Nicholas Anderson,28,11,17,abenjamin@example.com
David Gonzales,28,14,14,haleyisabella@example.com
Monique Walker,28,12,16,langchristina@example.com
James James,28,15,13,obrienpamela@example.com
Daniel Porter,28,16,12,deborah34@example.net
Jessica Valentine,29,18,11,joshua72@example.org
Crystal Hanson,29,19,10,agonzalez@example.net
Tammy Forbes,29,15,14,rwells@example.com
Valerie Nguyen,29,15,14,nferguson@example.com
Norman Morris,29,21,8,sanfordsharon@example.net
Tina Daugherty,29,13,16,yerickson@example.net
Richard Leonard,29,13,16,jamie62@example.net
Alejandro Smith,29,16,13,mgaines@example.com
Samantha Preston,29,18,11,cameron55@example.com
Logan Smith,29,13,16,crystal84@example.com
Linda Young,29,15,14,waresharon@example.org
Spencer Delgado,29,14,15,edixon@example.net
Scott Coleman,29,14,15,gonzalezjustin@example.net
Melanie Hardin,29,13,16,gabriel34@example.net
Sarah Martin,29,15,14,murraydebbie@example.org
Todd Todd,29,8,21,burkejonathan@example.net
Jessica Mcbride,29,8,21,taylorgrace@example.com
Edward Gordon,29,12,17,jennifer16@example.com
Logan Smith,29,13,16,crystal84@example.com
Robert Lindsey,29,14,15,robertochoa@example.com
Mrs. Nicole,29,19,10,willischad@example.org
Edward Carter,29,11,18,eunderwood@example.net
Austin Serrano,29,14,15,kwilliams@example.org
Scott Gentry,29,15,14,anthony32@example.net
Ann Boyd,29,14,15,candicehall@example.com
Christopher Bradley,30,9,21,john60@example.org
Faith Ferrell,30,16,14,dianejones@example.com
Kelsey Lang,30,17,13,petersonlisa@example.net
Sharon Hale,30,20,10,natasha22@example.com
Caitlin Fields,30,12,18,gilbertbrittany@example.com
Jacqueline Chapman,30,13,17,gina20@example.net
Catherine Jennings,30,17,13,dustinrios@example.com
Kyle Weber,30,17,13,charlesallen@example.org
Ryan Jennings,30,17,13,tonya30@example.net
Catherine Jennings,30,17,13,dustinrios@example.com
Larry Jordan,30,12,18,walkeralexis@example.net
Shawna Hebert,30,15,15,jose39@example.org
Tracy Moore,30,20,10,garciastacie@example.com
Jason Ramos,30,14,16,meyerjustin@example.org
Cody Montgomery,30,12,18,christine24@example.net
Sarah Johnson,30,14,16,kevinpratt@example.net
Tracy Brown,30,16,14,richard29@example.org
Jacqueline Chapman,30,13,17,gina20@example.net
Derrick Murphy,30,17,13,priscilla35@example.com
Alexandra Cunningham,30,15,15,sabrinacampos@example.net
Joan Ellis,30,15,15,taylornicholas@example.com
David Johns,31,14,17,stevenbaker@example.com
John Ellis,31,12,19,howardandrew@example.org
Johnny Bartlett,31,14,17,christopher36@example.org
James Bonilla,31,17,14,davidchavez@example.net
Kenneth Garcia,31,13,18,dcunningham@example.com
Joshua Fox,31,17,14,reedlatoya@example.net
Eric Russell,31,18,13,margaret15@example.net
James Bonilla,31,17,14,davidchavez@example.net
Matthew Moore,31,15,16,hmelton@example.net
Shawn Hampton,31,16,15,james29@example.org
Lisa Shaw,31,12,19,smithconnie@example.net
Joseph Dunn,31,10,21,jerrybenton@example.com
Cory Ware,32,16,16,kayla29@example.com
Sonya Robinson,32,19,13,gmorrison@example.net
Michael Villarreal,32,14,18,maxwelleric@example.net
Justin Stone,32,16,16,hughesamy@example.net
Amanda Parker,32,13,19,thompsonlisa@example.org
Denise Jones,32,10,22,udavis@example.org
Chelsea Walker,33,13,20,ashleyramirez@example.net
Lori Wilson,33,17,16,eric24@example.org
Katherine Powers,34,12,22,williamsonangela@example.com
William Wilson,34,21,13,waterslindsey@example.org
Katherine Powers,34,12,22,williamsonangela@example.com
Warren Reed,35,15,20,timothy20@example.com
Derrick Gordon,37,22,15,maryfarmer@example.org
